6 version
0 template id
-1 item version
1623 num components
3025 11 -7 3 0
2973 11 -7 3 0
1653 -7 -3 5 0
1663 1 -11 5 0
1663 10 -5 5 0
1661 10 -4 5 0
6457 -3 5 44 0
6457 -3 4 44 0
6457 -4 5 47 0
6457 -4 4 47 0
6457 -5 5 50 0
6457 -5 4 50 0
6462 -6 5 53 0
6462 -6 4 53 0
6459 -7 5 50 0
6459 -7 4 50 0
6459 -8 5 47 0
6459 -8 4 47 0
6459 -9 5 44 0
6459 -9 4 44 0
6459 -9 3 44 0
286 -9 4 24 0
286 -4 4 24 0
287 -9 -2 24 0
287 -4 -2 24 0
6457 -3 4 44 0
6457 -3 3 44 0
6457 -3 2 44 0
6457 -3 1 44 0
6457 -3 0 44 0
6457 -3 -1 44 0
6457 -3 -2 44 0
6457 -4 4 47 0
6457 -4 3 47 0
6457 -4 2 47 0
6457 -4 1 47 0
6457 -4 0 47 0
6457 -4 -1 47 0
6457 -4 -2 47 0
6457 -5 4 50 0
6457 -5 3 50 0
6457 -5 2 50 0
6457 -5 1 50 0
6457 -5 0 50 0
6457 -5 -1 50 0
6457 -5 -2 50 0
6462 -6 -2 53 0
6462 -6 4 53 0
6462 -6 3 53 0
6462 -6 2 53 0
6462 -6 1 53 0
6462 -6 0 53 0
6462 -6 -1 53 0
6459 -7 4 50 0
6459 -7 3 50 0
6459 -7 2 50 0
6459 -7 1 50 0
6459 -7 0 50 0
6459 -7 -1 50 0
6459 -7 -2 50 0
6459 -8 4 47 0
6459 -8 3 47 0
6459 -8 2 47 0
6459 -8 1 47 0
6459 -8 0 47 0
6459 -8 -1 47 0
6459 -8 -2 47 0
6459 -9 3 44 0
6459 -9 2 44 0
6459 -9 1 44 0
6459 -9 0 44 0
6459 -9 -1 44 0
6459 -9 -2 44 0
100 -4 3 5 0
100 -4 2 5 0
100 -4 1 5 0
100 -4 0 5 0
106 -4 3 19 0
106 -4 2 19 0
106 -4 1 19 0
106 -4 0 19 0
88 -4 -3 4 0
88 -5 -3 4 0
88 -6 -3 4 0
88 -8 -3 4 0
88 -9 -3 4 0
87 -4 5 4 0
87 -4 4 4 0
87 -4 -1 4 0
87 -4 -2 4 0
87 1 -8 4 0
87 1 -9 4 0
88 10 -8 4 0
88 9 -8 4 0
88 8 -8 4 0
88 7 -8 4 0
88 6 -8 4 0
88 5 -8 4 0
88 4 -8 4 0
88 3 -8 4 0
88 2 -8 4 0
87 1 -9 4 0
87 1 -10 4 0
87 1 -12 4 0
87 1 -13 4 0
87 1 -14 4 0
1306 -8 -13 24 0
1852 -8 -14 19 0
1849 -9 -13 15 0
1849 -9 -12 10 0
1849 -9 -11 4 0
1848 -8 -14 15 0
1848 -9 -14 15 0
1848 -9 -13 10 0
1848 -8 -14 10 0
1848 -9 -14 11 0
1848 -9 -12 5 0
1848 -9 -13 5 0
1848 -8 -14 5 0
1848 -9 -14 6 0
6039 -7 13 2 0
13448 -7 13 3 0
13422 -6 14 2 0
13422 -6 13 2 0
13422 -6 12 2 0
13422 -7 14 2 0
13422 -7 12 2 0
13422 -8 14 2 0
13422 -8 13 2 0
13422 -8 12 2 0
6056 -9 15 2 0
6055 -5 15 2 0
6054 -9 11 2 0
6053 -5 11 2 0
6052 -9 13 2 0
6051 -9 14 2 0
6051 -9 12 2 0
6049 -8 15 2 0
6049 -7 15 2 0
6050 -6 15 2 0
6048 -8 11 2 0
6048 -7 11 2 0
6047 -6 11 2 0
6045 -5 14 2 0
6045 -5 12 2 0
6046 -5 13 2 0
108 -10 -15 24 0
105 10 -15 24 0
105 9 -15 24 0
105 8 -15 24 0
105 7 -15 24 0
105 6 -15 24 0
105 5 -15 24 0
105 4 -15 24 0
105 3 -15 24 0
105 2 -15 24 0
105 1 -15 24 0
105 0 -15 24 0
105 -1 -15 24 0
105 -2 -15 24 0
105 -3 -15 24 0
105 -4 -15 24 0
105 -5 -15 24 0
105 -6 -15 24 0
105 -7 -15 24 0
105 -8 -15 24 0
105 -9 -15 24 0
107 2 9 24 0
105 1 9 24 0
105 0 9 24 0
105 -1 9 24 0
105 -2 9 24 0
107 10 5 24 0
105 9 5 24 0
105 8 5 24 0
105 7 5 24 0
105 6 5 24 0
105 5 5 24 0
105 4 5 24 0
105 3 5 24 0
105 -3 5 24 0
105 -4 5 24 0
105 -5 5 24 0
105 -6 5 24 0
105 -7 5 24 0
105 -8 5 24 0
105 -9 5 24 0
106 -10 5 24 0
106 -10 4 24 0
106 -10 3 24 0
106 -10 2 24 0
106 -10 1 24 0
106 -10 0 24 0
106 -10 -1 24 0
106 -10 -2 24 0
106 -10 -3 24 0
106 -10 -4 24 0
106 -10 -5 24 0
106 -10 -6 24 0
106 -10 -7 24 0
106 -10 -8 24 0
106 -10 -9 24 0
106 -10 -10 24 0
106 -10 -11 24 0
106 -10 -12 24 0
106 -10 -13 24 0
106 -10 -14 24 0
106 10 4 24 0
106 10 3 24 0
106 10 2 24 0
106 10 1 24 0
106 10 0 24 0
106 10 -1 24 0
106 10 -2 24 0
106 10 -3 24 0
106 10 -4 24 0
106 10 -5 24 0
106 10 -6 24 0
106 10 -7 24 0
106 10 -8 24 0
106 10 -9 24 0
106 10 -10 24 0
106 10 -11 24 0
106 10 -12 24 0
106 10 -13 24 0
106 10 -14 24 0
106 -3 9 24 0
106 -3 8 24 0
106 -3 7 24 0
106 -3 6 24 0
106 2 8 24 0
106 2 7 24 0
106 2 6 24 0
108 2 5 24 0
1305 10 5 24 0
1305 10 4 24 0
1305 10 3 24 0
1305 10 2 24 0
1305 10 1 24 0
1305 10 0 24 0
1305 10 -1 24 0
1305 10 -2 24 0
1305 10 -3 24 0
1305 10 -4 24 0
1305 10 -5 24 0
1305 10 -6 24 0
1305 10 -7 24 0
1305 10 -8 24 0
1305 10 -9 24 0
1305 10 -10 24 0
1305 10 -11 24 0
1305 10 -12 24 0
1305 10 -13 24 0
1305 10 -14 24 0
1305 9 5 24 0
1305 9 4 24 0
1305 9 3 24 0
1305 9 2 24 0
1305 9 1 24 0
1305 9 0 24 0
1305 9 -1 24 0
1305 9 -2 24 0
1305 9 -3 24 0
1305 9 -4 24 0
1305 9 -5 24 0
1305 9 -6 24 0
1305 9 -7 24 0
1305 9 -8 24 0
1305 9 -9 24 0
1305 9 -10 24 0
1305 9 -11 24 0
1305 9 -12 24 0
1305 9 -13 24 0
1305 9 -14 24 0
1305 8 5 24 0
1305 8 4 24 0
1305 8 3 24 0
1305 8 2 24 0
1305 8 1 24 0
1305 8 0 24 0
1305 8 -1 24 0
1305 8 -2 24 0
1305 8 -3 24 0
1305 8 -4 24 0
1305 8 -5 24 0
1305 8 -6 24 0
1305 8 -7 24 0
1305 8 -8 24 0
1305 8 -9 24 0
1305 8 -10 24 0
1305 8 -11 24 0
1305 8 -12 24 0
1305 8 -13 24 0
1305 8 -14 24 0
1305 7 5 24 0
1305 7 4 24 0
1305 7 3 24 0
1305 7 2 24 0
1305 7 1 24 0
1305 7 0 24 0
1305 7 -1 24 0
1305 7 -2 24 0
1305 7 -3 24 0
1305 7 -4 24 0
1305 7 -5 24 0
1305 7 -6 24 0
1305 7 -7 24 0
1305 7 -8 24 0
1305 7 -9 24 0
1305 7 -10 24 0
1305 7 -11 24 0
1305 7 -12 24 0
1305 7 -13 24 0
1305 7 -14 24 0
1305 6 5 24 0
1305 6 4 24 0
1305 6 3 24 0
1305 6 2 24 0
1305 6 1 24 0
1305 6 0 24 0
1305 6 -1 24 0
1305 6 -2 24 0
1305 6 -3 24 0
1305 6 -4 24 0
1305 6 -5 24 0
1305 6 -6 24 0
1305 6 -7 24 0
1305 6 -8 24 0
1305 6 -9 24 0
1305 6 -10 24 0
1305 6 -11 24 0
1305 6 -12 24 0
1305 6 -13 24 0
1305 6 -14 24 0
1305 5 5 24 0
1305 5 4 24 0
1305 5 3 24 0
1305 5 2 24 0
1305 5 1 24 0
1305 5 0 24 0
1305 5 -1 24 0
1305 5 -2 24 0
1305 5 -3 24 0
1305 5 -4 24 0
1305 5 -5 24 0
1305 5 -6 24 0
1305 5 -7 24 0
1305 5 -8 24 0
1305 5 -9 24 0
1305 5 -10 24 0
1305 5 -11 24 0
1305 5 -12 24 0
1305 5 -13 24 0
1305 5 -14 24 0
1305 4 5 24 0
1305 4 4 24 0
1305 4 3 24 0
1305 4 2 24 0
1305 4 1 24 0
1305 4 0 24 0
1305 4 -1 24 0
1305 4 -2 24 0
1305 4 -3 24 0
1305 4 -4 24 0
1305 4 -5 24 0
1305 4 -6 24 0
1305 4 -7 24 0
1305 4 -8 24 0
1305 4 -9 24 0
1305 4 -10 24 0
1305 4 -11 24 0
1305 4 -12 24 0
1305 4 -13 24 0
1305 4 -14 24 0
1305 3 5 24 0
1305 3 4 24 0
1305 3 3 24 0
1305 3 2 24 0
1305 3 1 24 0
1305 3 0 24 0
1305 3 -1 24 0
1305 3 -2 24 0
1305 3 -3 24 0
1305 3 -4 24 0
1305 3 -5 24 0
1305 3 -6 24 0
1305 3 -7 24 0
1305 3 -8 24 0
1305 3 -9 24 0
1305 3 -10 24 0
1305 3 -11 24 0
1305 3 -12 24 0
1305 3 -13 24 0
1305 3 -14 24 0
1305 2 5 24 0
1305 2 4 24 0
1305 2 3 24 0
1305 2 2 24 0
1305 2 1 24 0
1305 2 0 24 0
1305 2 -1 24 0
1305 2 -2 24 0
1305 2 -3 24 0
1305 2 -4 24 0
1305 2 -5 24 0
1305 2 -6 24 0
1305 2 -7 24 0
1305 2 -8 24 0
1305 2 -9 24 0
1305 2 -10 24 0
1305 2 -11 24 0
1305 2 -12 24 0
1305 2 -13 24 0
1305 2 -14 24 0
1305 1 5 24 0
1305 1 4 24 0
1305 1 3 24 0
1305 1 2 24 0
1305 1 1 24 0
1305 1 0 24 0
1305 1 -1 24 0
1305 1 -2 24 0
1305 1 -3 24 0
1305 1 -4 24 0
1305 1 -5 24 0
1305 1 -6 24 0
1305 1 -7 24 0
1305 1 -8 24 0
1305 1 -9 24 0
1305 1 -10 24 0
1305 1 -11 24 0
1305 1 -12 24 0
1305 1 -13 24 0
1305 1 -14 24 0
1305 0 5 24 0
1305 0 4 24 0
1305 0 3 24 0
1305 0 2 24 0
1305 0 1 24 0
1305 0 0 24 0
1305 0 -1 24 0
1305 0 -2 24 0
1305 0 -3 24 0
1305 0 -4 24 0
1305 0 -5 24 0
1305 0 -6 24 0
1305 0 -7 24 0
1305 0 -8 24 0
1305 0 -9 24 0
1305 0 -10 24 0
1305 0 -11 24 0
1305 0 -12 24 0
1305 0 -13 24 0
1305 0 -14 24 0
1305 -1 5 24 0
1305 -1 4 24 0
1305 -1 3 24 0
1305 -1 2 24 0
1305 -1 1 24 0
1305 -1 0 24 0
1305 -1 -1 24 0
1305 -1 -2 24 0
1305 -1 -3 24 0
1305 -1 -4 24 0
1305 -1 -5 24 0
1305 -1 -6 24 0
1305 -1 -7 24 0
1305 -1 -8 24 0
1305 -1 -9 24 0
1305 -1 -10 24 0
1305 -1 -11 24 0
1305 -1 -12 24 0
1305 -1 -13 24 0
1305 -1 -14 24 0
1305 -2 5 24 0
1305 -2 4 24 0
1305 -2 3 24 0
1305 -2 2 24 0
1305 -2 1 24 0
1305 -2 0 24 0
1305 -2 -1 24 0
1305 -2 -2 24 0
1305 -2 -3 24 0
1305 -2 -4 24 0
1305 -2 -5 24 0
1305 -2 -6 24 0
1305 -2 -7 24 0
1305 -2 -8 24 0
1305 -2 -9 24 0
1305 -2 -10 24 0
1305 -2 -11 24 0
1305 -2 -12 24 0
1305 -2 -13 24 0
1305 -2 -14 24 0
1305 -3 5 24 0
1305 -3 4 24 0
1305 -3 3 24 0
1305 -3 2 24 0
1305 -3 1 24 0
1305 -3 0 24 0
1305 -3 -1 24 0
1305 -3 -2 24 0
1305 -3 -3 24 0
1305 -3 -4 24 0
1305 -3 -5 24 0
1305 -3 -6 24 0
1305 -3 -7 24 0
1305 -3 -8 24 0
1305 -3 -9 24 0
1305 -3 -10 24 0
1305 -3 -11 24 0
1305 -3 -12 24 0
1305 -3 -13 24 0
1305 -3 -14 24 0
1305 -4 5 24 0
1305 -4 4 24 0
1305 -4 3 24 0
1305 -4 2 24 0
1305 -4 1 24 0
1305 -4 0 24 0
1305 -4 -1 24 0
1305 -4 -2 24 0
1305 -4 -3 24 0
1305 -4 -4 24 0
1305 -4 -5 24 0
1305 -4 -6 24 0
1305 -4 -7 24 0
1305 -4 -8 24 0
1305 -4 -9 24 0
1305 -4 -10 24 0
1305 -4 -11 24 0
1305 -4 -12 24 0
1305 -4 -13 24 0
1305 -4 -14 24 0
1305 -5 5 24 0
1305 -5 4 24 0
1305 -5 3 24 0
1305 -5 2 24 0
1305 -5 1 24 0
1305 -5 0 24 0
1305 -5 -1 24 0
1305 -5 -2 24 0
1305 -5 -3 24 0
1305 -5 -4 24 0
1305 -5 -5 24 0
1305 -5 -6 24 0
1305 -5 -7 24 0
1305 -5 -8 24 0
1305 -5 -9 24 0
1305 -5 -10 24 0
1305 -5 -11 24 0
1305 -5 -12 24 0
1305 -5 -13 24 0
1305 -5 -14 24 0
1305 -6 5 24 0
1305 -6 4 24 0
1305 -6 3 24 0
1305 -6 2 24 0
1305 -6 1 24 0
1305 -6 0 24 0
1305 -6 -1 24 0
1305 -6 -2 24 0
1305 -6 -3 24 0
1305 -6 -4 24 0
1305 -6 -5 24 0
1305 -6 -6 24 0
1305 -6 -7 24 0
1305 -6 -8 24 0
1305 -6 -9 24 0
1305 -6 -10 24 0
1305 -6 -11 24 0
1305 -6 -12 24 0
1305 -6 -13 24 0
1305 -6 -14 24 0
1305 -7 5 24 0
1305 -7 4 24 0
1305 -7 3 24 0
1305 -7 2 24 0
1305 -7 1 24 0
1305 -7 0 24 0
1305 -7 -1 24 0
1305 -7 -2 24 0
1305 -7 -3 24 0
1305 -7 -4 24 0
1305 -7 -5 24 0
1305 -7 -6 24 0
1305 -7 -7 24 0
1305 -7 -8 24 0
1305 -7 -9 24 0
1305 -7 -10 24 0
1305 -7 -11 24 0
1305 -7 -12 24 0
1305 -7 -13 24 0
1305 -7 -14 24 0
1305 -8 5 24 0
1305 -8 4 24 0
1305 -8 3 24 0
1305 -8 2 24 0
1305 -8 1 24 0
1305 -8 0 24 0
1305 -8 -1 24 0
1305 -8 -2 24 0
1305 -8 -3 24 0
1305 -8 -4 24 0
1305 -8 -5 24 0
1305 -8 -6 24 0
1305 -8 -7 24 0
1305 -8 -8 24 0
1305 -8 -9 24 0
1305 -8 -10 24 0
1305 -8 -11 24 0
1305 -8 -12 24 0
1305 -9 5 24 0
1305 -9 4 24 0
1305 -9 3 24 0
1305 -9 2 24 0
1305 -9 1 24 0
1305 -9 0 24 0
1305 -9 -1 24 0
1305 -9 -2 24 0
1305 -9 -3 24 0
1305 -9 -4 24 0
1305 -9 -5 24 0
1305 -9 -6 24 0
1305 -9 -7 24 0
1305 -9 -8 24 0
1305 -9 -9 24 0
1305 -9 -10 24 0
1305 2 9 24 0
1305 2 8 24 0
1305 2 7 24 0
1305 2 6 24 0
1305 1 9 24 0
1305 1 8 24 0
1305 1 7 24 0
1305 1 6 24 0
1305 0 9 24 0
1305 0 8 24 0
1305 0 7 24 0
1305 0 6 24 0
1305 -1 9 24 0
1305 -1 8 24 0
1305 -1 7 24 0
1305 -1 6 24 0
1305 -2 9 24 0
1305 -2 8 24 0
1305 -2 7 24 0
1305 -2 6 24 0
90 -3 9 2 0
90 2 9 2 0
90 -3 9 4 0
90 2 9 4 0
92 -6 5 4 0
92 5 5 4 0
93 -10 0 4 0
93 -10 -9 4 0
94 -4 -15 4 0
94 4 -15 4 0
93 10 -10 4 0
93 10 1 4 0
1850 11 -4 0 0
1850 11 -5 0 0
2187 -10 16 2 0
2187 -10 15 2 0
2187 -10 14 2 0
2187 -10 13 2 0
2187 -10 12 2 0
2187 -10 11 2 0
2187 -10 10 2 0
2187 -10 9 2 0
2187 -10 8 2 0
2187 -10 7 2 0
2187 -10 6 2 0
2186 10 16 2 0
2186 9 16 2 0
2186 8 16 2 0
2186 7 16 2 0
2186 6 16 2 0
2186 5 16 2 0
2186 4 16 2 0
2186 3 16 2 0
2186 2 16 2 0
2186 1 16 2 0
2186 0 16 2 0
2186 -1 16 2 0
2186 -2 16 2 0
2186 -3 16 2 0
2186 -4 16 2 0
2186 -5 16 2 0
2186 -6 16 2 0
2186 -7 16 2 0
2186 -8 16 2 0
2186 -9 16 2 0
2187 10 16 2 0
2187 10 15 2 0
2187 10 14 2 0
2187 10 13 2 0
2187 10 12 2 0
2187 10 11 2 0
2187 10 10 2 0
2187 10 9 2 0
2187 10 8 2 0
2187 10 7 2 0
2187 10 6 2 0
2326 1 6 2 0
2326 0 6 2 0
2326 -1 6 2 0
2326 -2 6 2 0
2326 -2 7 1 0
2326 -1 7 1 0
2326 0 7 1 0
2326 1 7 1 0
2326 1 8 0 0
2326 0 8 0 0
2326 -1 8 0 0
2326 -2 8 0 0
105 10 -15 2 0
105 9 -15 2 0
105 8 -15 2 0
105 7 -15 2 0
105 6 -15 2 0
105 5 -15 2 0
105 4 -15 2 0
105 3 -15 2 0
105 2 -15 2 0
105 1 -15 2 0
105 0 -15 2 0
105 -1 -15 2 0
105 -2 -15 2 0
105 -3 -15 2 0
105 -4 -15 2 0
105 -5 -15 2 0
105 -6 -15 2 0
105 -7 -15 2 0
105 -8 -15 2 0
105 -9 -15 2 0
106 -10 5 2 0
106 -10 4 2 0
106 -10 3 2 0
106 -10 2 2 0
106 -10 1 2 0
106 -10 0 2 0
106 -10 -1 2 0
106 -10 -2 2 0
106 -10 -3 2 0
106 -10 -4 2 0
106 -10 -5 2 0
106 -10 -6 2 0
106 -10 -7 2 0
106 -10 -8 2 0
106 -10 -9 2 0
106 -10 -10 2 0
106 -10 -11 2 0
106 -10 -12 2 0
106 -10 -13 2 0
106 -10 -14 2 0
88 10 5 4 0
88 9 5 4 0
88 8 5 4 0
88 7 5 4 0
88 6 5 4 0
88 4 5 4 0
88 3 5 4 0
88 2 5 4 0
88 -3 5 4 0
88 -4 5 4 0
88 -5 5 4 0
88 -7 5 4 0
88 -8 5 4 0
88 -9 5 4 0
87 10 5 4 0
87 10 4 4 0
87 10 3 4 0
87 10 2 4 0
87 10 0 4 0
87 10 -1 4 0
87 10 -2 4 0
87 10 -3 4 0
87 10 -6 4 0
87 10 -7 4 0
87 10 -8 4 0
87 10 -9 4 0
87 10 -11 4 0
87 10 -12 4 0
87 10 -13 4 0
87 10 -14 4 0
88 10 -15 4 0
88 9 -15 4 0
88 8 -15 4 0
88 7 -15 4 0
88 6 -15 4 0
88 5 -15 4 0
88 3 -15 4 0
88 2 -15 4 0
88 1 -15 4 0
88 0 -15 4 0
88 -1 -15 4 0
88 -2 -15 4 0
88 -3 -15 4 0
88 -5 -15 4 0
88 -6 -15 4 0
88 -7 -15 4 0
88 -8 -15 4 0
88 -9 -15 4 0
90 -10 -15 4 0
87 -10 5 4 0
87 -10 4 4 0
87 -10 3 4 0
87 -10 2 4 0
87 -10 1 4 0
87 -10 -1 4 0
87 -10 -2 4 0
87 -10 -3 4 0
87 -10 -4 4 0
87 -10 -5 4 0
87 -10 -6 4 0
87 -10 -7 4 0
87 -10 -8 4 0
87 -10 -10 4 0
87 -10 -11 4 0
87 -10 -12 4 0
87 -10 -13 4 0
87 -10 -14 4 0
1216 -9 -14 5 0
1214 -9 5 5 0
1215 10 -14 5 0
2326 10 5 2 0
1213 10 5 5 0
1212 9 -14 5 0
1212 8 -14 5 0
1212 7 -14 5 0
1212 6 -14 5 0
1212 5 -14 5 0
1212 4 -14 5 0
1212 3 -14 5 0
1212 2 -14 5 0
1212 1 -14 5 0
1212 0 -14 5 0
1212 -1 -14 5 0
1212 -2 -14 5 0
1212 -3 -14 5 0
1212 -4 -14 5 0
1212 -5 -14 5 0
1212 -6 -14 5 0
1212 -7 -14 5 0
1212 -8 -14 5 0
1211 10 4 5 0
1211 10 3 5 0
1211 10 2 5 0
1211 10 1 5 0
1211 10 0 5 0
1211 10 -1 5 0
1211 10 -2 5 0
1211 10 -3 5 0
1211 10 -4 5 0
1211 10 -5 5 0
1211 10 -6 5 0
1211 10 -7 5 0
1211 10 -8 5 0
1211 10 -9 5 0
1211 10 -10 5 0
1211 10 -11 5 0
1211 10 -12 5 0
1211 10 -13 5 0
1210 9 5 5 0
1210 8 5 5 0
1210 7 5 5 0
1210 6 5 5 0
1210 5 5 5 0
1210 4 5 5 0
1210 3 5 5 0
1210 2 5 5 0
1210 1 5 5 0
1210 0 5 5 0
1210 -1 5 5 0
1210 -2 5 5 0
1210 -3 5 5 0
1210 -4 5 5 0
1210 -5 5 5 0
1210 -6 5 5 0
1210 -7 5 5 0
1210 -8 5 5 0
1209 -9 4 5 0
1209 -9 3 5 0
1209 -9 2 5 0
1209 -9 1 5 0
1209 -9 0 5 0
1209 -9 -1 5 0
1209 -9 -2 5 0
1209 -9 -3 5 0
1209 -9 -4 5 0
1209 -9 -5 5 0
1209 -9 -6 5 0
1209 -9 -7 5 0
1209 -9 -8 5 0
1209 -9 -9 5 0
1209 -9 -10 5 0
1209 -9 -11 5 0
1209 -9 -12 5 0
1209 -9 -13 5 0
1207 9 4 5 0
1207 9 3 5 0
1207 9 2 5 0
1207 9 1 5 0
1207 9 0 5 0
1207 9 -1 5 0
1207 9 -2 5 0
1207 9 -3 5 0
1207 9 -4 5 0
1207 9 -5 5 0
1207 9 -6 5 0
1207 9 -7 5 0
1207 9 -8 5 0
1207 9 -9 5 0
1207 9 -10 5 0
1207 9 -11 5 0
1207 9 -12 5 0
1207 9 -13 5 0
1207 8 4 5 0
1207 8 3 5 0
1207 8 2 5 0
1207 8 1 5 0
1207 8 0 5 0
1207 8 -1 5 0
1207 8 -2 5 0
1207 8 -3 5 0
1207 8 -4 5 0
1207 8 -5 5 0
1207 8 -6 5 0
1207 8 -7 5 0
1207 8 -8 5 0
1207 8 -9 5 0
1207 8 -10 5 0
1207 8 -11 5 0
1207 8 -12 5 0
1207 8 -13 5 0
1207 7 4 5 0
1207 7 3 5 0
1207 7 2 5 0
1207 7 1 5 0
1207 7 0 5 0
1207 7 -1 5 0
1207 7 -2 5 0
1207 7 -3 5 0
1207 7 -4 5 0
1207 7 -5 5 0
1207 7 -6 5 0
1207 7 -7 5 0
1207 7 -8 5 0
1207 7 -9 5 0
1207 7 -10 5 0
1207 7 -11 5 0
1207 7 -12 5 0
1207 7 -13 5 0
1207 6 4 5 0
1207 6 3 5 0
1207 6 2 5 0
1207 6 1 5 0
1207 6 0 5 0
1207 6 -1 5 0
1207 6 -2 5 0
1207 6 -3 5 0
1207 6 -4 5 0
1207 6 -5 5 0
1207 6 -6 5 0
1207 6 -7 5 0
1207 6 -8 5 0
1207 6 -9 5 0
1207 6 -10 5 0
1207 6 -11 5 0
1207 6 -12 5 0
1207 6 -13 5 0
1207 5 4 5 0
1207 5 3 5 0
1207 5 2 5 0
1207 5 1 5 0
1207 5 0 5 0
1207 5 -1 5 0
1207 5 -2 5 0
1207 5 -3 5 0
1207 5 -4 5 0
1207 5 -5 5 0
1207 5 -6 5 0
1207 5 -7 5 0
1207 5 -8 5 0
1207 5 -9 5 0
1207 5 -10 5 0
1207 5 -11 5 0
1207 5 -12 5 0
1207 5 -13 5 0
1207 4 4 5 0
1207 4 3 5 0
1207 4 2 5 0
1207 4 1 5 0
1207 4 0 5 0
1207 4 -1 5 0
1207 4 -2 5 0
1207 4 -3 5 0
1207 4 -4 5 0
1207 4 -5 5 0
1207 4 -6 5 0
1207 4 -7 5 0
1207 4 -8 5 0
1207 4 -9 5 0
1207 4 -10 5 0
1207 4 -11 5 0
1207 4 -12 5 0
1207 4 -13 5 0
1207 3 4 5 0
1207 3 3 5 0
1207 3 2 5 0
1207 3 1 5 0
1207 3 0 5 0
1207 3 -1 5 0
1207 3 -2 5 0
1207 3 -3 5 0
1207 3 -4 5 0
1207 3 -5 5 0
1207 3 -6 5 0
1207 3 -7 5 0
1207 3 -8 5 0
1207 3 -9 5 0
1207 3 -10 5 0
1207 3 -11 5 0
1207 3 -12 5 0
1207 3 -13 5 0
1207 2 4 5 0
1207 2 3 5 0
1207 2 2 5 0
1207 2 1 5 0
1207 2 0 5 0
1207 2 -1 5 0
1207 2 -2 5 0
1207 2 -3 5 0
1207 2 -4 5 0
1207 2 -5 5 0
1207 2 -6 5 0
1207 2 -7 5 0
1207 2 -8 5 0
1207 2 -9 5 0
1207 2 -10 5 0
1207 2 -11 5 0
1207 2 -12 5 0
1207 2 -13 5 0
1207 1 4 5 0
1207 1 3 5 0
1207 1 2 5 0
1207 1 1 5 0
1207 1 0 5 0
1207 1 -1 5 0
1207 1 -2 5 0
1207 1 -3 5 0
1207 1 -4 5 0
1207 1 -5 5 0
1207 1 -6 5 0
1207 1 -7 5 0
1207 1 -8 5 0
1207 1 -9 5 0
1207 1 -10 5 0
1207 1 -11 5 0
1207 1 -12 5 0
1207 1 -13 5 0
1207 0 4 5 0
1207 0 3 5 0
1207 0 2 5 0
1207 0 1 5 0
1207 0 0 5 0
1207 0 -1 5 0
1207 0 -2 5 0
1207 0 -3 5 0
1207 0 -4 5 0
1207 0 -5 5 0
1207 0 -6 5 0
1207 0 -7 5 0
1207 0 -8 5 0
1207 0 -9 5 0
1207 0 -10 5 0
1207 0 -11 5 0
1207 0 -12 5 0
1207 0 -13 5 0
1207 -1 4 5 0
1207 -1 3 5 0
1207 -1 2 5 0
1207 -1 1 5 0
1207 -1 0 5 0
1207 -1 -1 5 0
1207 -1 -2 5 0
1207 -1 -3 5 0
1207 -1 -4 5 0
1207 -1 -5 5 0
1207 -1 -6 5 0
1207 -1 -7 5 0
1207 -1 -8 5 0
1207 -1 -9 5 0
1207 -1 -10 5 0
1207 -1 -11 5 0
1207 -1 -12 5 0
1207 -1 -13 5 0
1207 -2 4 5 0
1207 -2 3 5 0
1207 -2 2 5 0
1207 -2 1 5 0
1207 -2 0 5 0
1207 -2 -1 5 0
1207 -2 -2 5 0
1207 -2 -3 5 0
1207 -2 -4 5 0
1207 -2 -5 5 0
1207 -2 -6 5 0
1207 -2 -7 5 0
1207 -2 -8 5 0
1207 -2 -9 5 0
1207 -2 -10 5 0
1207 -2 -11 5 0
1207 -2 -12 5 0
1207 -2 -13 5 0
1207 -3 4 5 0
1207 -3 3 5 0
1207 -3 2 5 0
1207 -3 1 5 0
1207 -3 0 5 0
1207 -3 -1 5 0
1207 -3 -2 5 0
1207 -3 -3 5 0
1207 -3 -4 5 0
1207 -3 -5 5 0
1207 -3 -6 5 0
1207 -3 -7 5 0
1207 -3 -8 5 0
1207 -3 -9 5 0
1207 -3 -10 5 0
1207 -3 -11 5 0
1207 -3 -12 5 0
1207 -3 -13 5 0
1207 -4 4 5 0
1207 -4 3 5 0
1207 -4 2 5 0
1207 -4 1 5 0
1207 -4 0 5 0
1207 -4 -1 5 0
1207 -4 -2 5 0
1207 -4 -3 5 0
1207 -4 -4 5 0
1207 -4 -5 5 0
1207 -4 -6 5 0
1207 -4 -7 5 0
1207 -4 -8 5 0
1207 -4 -9 5 0
1207 -4 -10 5 0
1207 -4 -11 5 0
1207 -4 -12 5 0
1207 -4 -13 5 0
1207 -5 4 5 0
1207 -5 3 5 0
1207 -5 2 5 0
1207 -5 1 5 0
1207 -5 0 5 0
1207 -5 -1 5 0
1207 -5 -2 5 0
1207 -5 -3 5 0
1207 -5 -4 5 0
1207 -5 -5 5 0
1207 -5 -6 5 0
1207 -5 -7 5 0
1207 -5 -8 5 0
1207 -5 -9 5 0
1207 -5 -10 5 0
1207 -5 -11 5 0
1207 -5 -12 5 0
1207 -5 -13 5 0
1207 -6 4 5 0
1207 -6 3 5 0
1207 -6 2 5 0
1207 -6 1 5 0
1207 -6 0 5 0
1207 -6 -1 5 0
1207 -6 -2 5 0
1207 -6 -3 5 0
1207 -6 -4 5 0
1207 -6 -5 5 0
1207 -6 -6 5 0
1207 -6 -7 5 0
1207 -6 -8 5 0
1207 -6 -9 5 0
1207 -6 -10 5 0
1207 -6 -11 5 0
1207 -6 -12 5 0
1207 -6 -13 5 0
1207 -7 4 5 0
1207 -7 3 5 0
1207 -7 2 5 0
1207 -7 1 5 0
1207 -7 0 5 0
1207 -7 -1 5 0
1207 -7 -2 5 0
1207 -7 -3 5 0
1207 -7 -4 5 0
1207 -7 -5 5 0
1207 -7 -6 5 0
1207 -7 -7 5 0
1207 -7 -8 5 0
1207 -7 -9 5 0
1207 -7 -10 5 0
1207 -7 -11 5 0
1207 -7 -12 5 0
1207 -7 -13 5 0
1207 -8 4 5 0
1207 -8 3 5 0
1207 -8 2 5 0
1207 -8 1 5 0
1207 -8 0 5 0
1207 -8 -1 5 0
1207 -8 -2 5 0
1207 -8 -3 5 0
1207 -8 -4 5 0
1207 -8 -5 5 0
1207 -8 -6 5 0
1207 -8 -7 5 0
1207 -8 -8 5 0
1207 -8 -9 5 0
1207 -8 -10 5 0
1207 -8 -11 5 0
1207 -8 -12 5 0
1207 -8 -13 5 0
2326 10 4 2 0
2326 10 3 2 0
2326 10 2 2 0
2326 10 1 2 0
2326 10 0 2 0
2326 10 -1 2 0
2326 10 -2 2 0
2326 10 -3 2 0
2326 10 -4 2 0
2326 10 -5 2 0
2326 10 -6 2 0
2326 10 -7 2 0
2326 10 -8 2 0
2326 10 -9 2 0
2326 10 -10 2 0
2326 10 -11 2 0
2326 10 -12 2 0
2326 10 -13 2 0
2326 10 -14 2 0
2326 9 5 2 0
2326 9 4 2 0
2326 9 3 2 0
2326 9 2 2 0
2326 9 1 2 0
2326 9 0 2 0
2326 9 -1 2 0
2326 9 -2 2 0
2326 9 -3 2 0
2326 9 -4 2 0
2326 9 -5 2 0
2326 9 -6 2 0
2326 9 -7 2 0
2326 9 -8 2 0
2326 9 -9 2 0
2326 9 -10 2 0
2326 9 -11 2 0
2326 9 -12 2 0
2326 9 -13 2 0
2326 9 -14 2 0
2326 8 5 2 0
2326 8 4 2 0
2326 8 3 2 0
2326 8 2 2 0
2326 8 1 2 0
2326 8 0 2 0
2326 8 -1 2 0
2326 8 -2 2 0
2326 8 -3 2 0
2326 8 -4 2 0
2326 8 -5 2 0
2326 8 -6 2 0
2326 8 -7 2 0
2326 8 -8 2 0
2326 8 -9 2 0
2326 8 -10 2 0
2326 8 -11 2 0
2326 8 -12 2 0
2326 8 -13 2 0
2326 8 -14 2 0
2326 7 5 2 0
2326 7 4 2 0
2326 7 3 2 0
2326 7 2 2 0
2326 7 1 2 0
2326 7 0 2 0
2326 7 -1 2 0
2326 7 -2 2 0
2326 7 -3 2 0
2326 7 -4 2 0
2326 7 -5 2 0
2326 7 -6 2 0
2326 7 -7 2 0
2326 7 -8 2 0
2326 7 -9 2 0
2326 7 -10 2 0
2326 7 -11 2 0
2326 7 -12 2 0
2326 7 -13 2 0
2326 7 -14 2 0
2326 6 5 2 0
2326 6 4 2 0
2326 6 3 2 0
2326 6 2 2 0
2326 6 1 2 0
2326 6 0 2 0
2326 6 -1 2 0
2326 6 -2 2 0
2326 6 -3 2 0
2326 6 -4 2 0
2326 6 -5 2 0
2326 6 -6 2 0
2326 6 -7 2 0
2326 6 -8 2 0
2326 6 -9 2 0
2326 6 -10 2 0
2326 6 -11 2 0
2326 6 -12 2 0
2326 6 -13 2 0
2326 6 -14 2 0
2326 5 5 2 0
2326 5 4 2 0
2326 5 3 2 0
2326 5 2 2 0
2326 5 1 2 0
2326 5 0 2 0
2326 5 -1 2 0
2326 5 -2 2 0
2326 5 -3 2 0
2326 5 -4 2 0
2326 5 -5 2 0
2326 5 -6 2 0
2326 5 -7 2 0
2326 5 -8 2 0
2326 5 -9 2 0
2326 5 -10 2 0
2326 5 -11 2 0
2326 5 -12 2 0
2326 5 -13 2 0
2326 5 -14 2 0
2326 4 5 2 0
2326 4 4 2 0
2326 4 3 2 0
2326 4 2 2 0
2326 4 1 2 0
2326 4 0 2 0
2326 4 -1 2 0
2326 4 -2 2 0
2326 4 -3 2 0
2326 4 -4 2 0
2326 4 -5 2 0
2326 4 -6 2 0
2326 4 -7 2 0
2326 4 -8 2 0
2326 4 -9 2 0
2326 4 -10 2 0
2326 4 -11 2 0
2326 4 -12 2 0
2326 4 -13 2 0
2326 4 -14 2 0
2326 3 5 2 0
2326 3 4 2 0
2326 3 3 2 0
2326 3 2 2 0
2326 3 1 2 0
2326 3 0 2 0
2326 3 -1 2 0
2326 3 -2 2 0
2326 3 -3 2 0
2326 3 -4 2 0
2326 3 -5 2 0
2326 3 -6 2 0
2326 3 -7 2 0
2326 3 -8 2 0
2326 3 -9 2 0
2326 3 -10 2 0
2326 3 -11 2 0
2326 3 -12 2 0
2326 3 -13 2 0
2326 3 -14 2 0
2326 2 5 2 0
2326 2 4 2 0
2326 2 3 2 0
2326 2 2 2 0
2326 2 1 2 0
2326 2 0 2 0
2326 2 -1 2 0
2326 2 -2 2 0
2326 2 -3 2 0
2326 2 -4 2 0
2326 2 -5 2 0
2326 2 -6 2 0
2326 2 -7 2 0
2326 2 -8 2 0
2326 2 -9 2 0
2326 2 -10 2 0
2326 2 -11 2 0
2326 2 -12 2 0
2326 2 -13 2 0
2326 2 -14 2 0
2326 1 5 2 0
2326 1 4 2 0
2326 1 3 2 0
2326 1 2 2 0
2326 1 1 2 0
2326 1 0 2 0
2326 1 -1 2 0
2326 1 -2 2 0
2326 1 -3 2 0
2326 1 -4 2 0
2326 1 -5 2 0
2326 1 -6 2 0
2326 1 -7 2 0
2326 1 -8 2 0
2326 1 -9 2 0
2326 1 -10 2 0
2326 1 -11 2 0
2326 1 -12 2 0
2326 1 -13 2 0
2326 1 -14 2 0
2326 0 5 2 0
2326 0 4 2 0
2326 0 3 2 0
2326 0 2 2 0
2326 0 1 2 0
2326 0 0 2 0
2326 0 -1 2 0
2326 0 -2 2 0
2326 0 -3 2 0
2326 0 -4 2 0
2326 0 -5 2 0
2326 0 -6 2 0
2326 0 -7 2 0
2326 0 -8 2 0
2326 0 -9 2 0
2326 0 -10 2 0
2326 0 -11 2 0
2326 0 -12 2 0
2326 0 -13 2 0
2326 0 -14 2 0
2326 -1 5 2 0
2326 -1 4 2 0
2326 -1 3 2 0
2326 -1 2 2 0
2326 -1 1 2 0
2326 -1 0 2 0
2326 -1 -1 2 0
2326 -1 -2 2 0
2326 -1 -3 2 0
2326 -1 -4 2 0
2326 -1 -5 2 0
2326 -1 -6 2 0
2326 -1 -7 2 0
2326 -1 -8 2 0
2326 -1 -9 2 0
2326 -1 -10 2 0
2326 -1 -11 2 0
2326 -1 -12 2 0
2326 -1 -13 2 0
2326 -1 -14 2 0
2326 -2 5 2 0
2326 -2 4 2 0
2326 -2 3 2 0
2326 -2 2 2 0
2326 -2 1 2 0
2326 -2 0 2 0
2326 -2 -1 2 0
2326 -2 -2 2 0
2326 -2 -3 2 0
2326 -2 -4 2 0
2326 -2 -5 2 0
2326 -2 -6 2 0
2326 -2 -7 2 0
2326 -2 -8 2 0
2326 -2 -9 2 0
2326 -2 -10 2 0
2326 -2 -11 2 0
2326 -2 -12 2 0
2326 -2 -13 2 0
2326 -2 -14 2 0
2326 -3 5 2 0
2326 -3 4 2 0
2326 -3 3 2 0
2326 -3 2 2 0
2326 -3 1 2 0
2326 -3 0 2 0
2326 -3 -1 2 0
2326 -3 -2 2 0
2326 -3 -3 2 0
2326 -3 -4 2 0
2326 -3 -5 2 0
2326 -3 -6 2 0
2326 -3 -7 2 0
2326 -3 -8 2 0
2326 -3 -9 2 0
2326 -3 -10 2 0
2326 -3 -11 2 0
2326 -3 -12 2 0
2326 -3 -13 2 0
2326 -3 -14 2 0
2326 -4 5 2 0
2326 -4 4 2 0
2326 -4 3 2 0
2326 -4 2 2 0
2326 -4 1 2 0
2326 -4 0 2 0
2326 -4 -1 2 0
2326 -4 -2 2 0
2326 -4 -3 2 0
2326 -4 -4 2 0
2326 -4 -5 2 0
2326 -4 -6 2 0
2326 -4 -7 2 0
2326 -4 -8 2 0
2326 -4 -9 2 0
2326 -4 -10 2 0
2326 -4 -11 2 0
2326 -4 -12 2 0
2326 -4 -13 2 0
2326 -4 -14 2 0
2326 -5 5 2 0
2326 -5 4 2 0
2326 -5 3 2 0
2326 -5 2 2 0
2326 -5 1 2 0
2326 -5 0 2 0
2326 -5 -1 2 0
2326 -5 -2 2 0
2326 -5 -3 2 0
2326 -5 -4 2 0
2326 -5 -5 2 0
2326 -5 -6 2 0
2326 -5 -7 2 0
2326 -5 -8 2 0
2326 -5 -9 2 0
2326 -5 -10 2 0
2326 -5 -11 2 0
2326 -5 -12 2 0
2326 -5 -13 2 0
2326 -5 -14 2 0
2326 -6 5 2 0
2326 -6 4 2 0
2326 -6 3 2 0
2326 -6 2 2 0
2326 -6 1 2 0
2326 -6 0 2 0
2326 -6 -1 2 0
2326 -6 -2 2 0
2326 -6 -3 2 0
2326 -6 -4 2 0
2326 -6 -5 2 0
2326 -6 -6 2 0
2326 -6 -7 2 0
2326 -6 -8 2 0
2326 -6 -9 2 0
2326 -6 -10 2 0
2326 -6 -11 2 0
2326 -6 -12 2 0
2326 -6 -13 2 0
2326 -6 -14 2 0
2326 -7 5 2 0
2326 -7 4 2 0
2326 -7 3 2 0
2326 -7 2 2 0
2326 -7 1 2 0
2326 -7 0 2 0
2326 -7 -1 2 0
2326 -7 -2 2 0
2326 -7 -3 2 0
2326 -7 -4 2 0
2326 -7 -5 2 0
2326 -7 -6 2 0
2326 -7 -7 2 0
2326 -7 -8 2 0
2326 -7 -9 2 0
2326 -7 -10 2 0
2326 -7 -11 2 0
2326 -7 -12 2 0
2326 -7 -13 2 0
2326 -7 -14 2 0
2326 -8 5 2 0
2326 -8 4 2 0
2326 -8 3 2 0
2326 -8 2 2 0
2326 -8 1 2 0
2326 -8 0 2 0
2326 -8 -1 2 0
2326 -8 -2 2 0
2326 -8 -3 2 0
2326 -8 -4 2 0
2326 -8 -5 2 0
2326 -8 -6 2 0
2326 -8 -7 2 0
2326 -8 -8 2 0
2326 -8 -9 2 0
2326 -8 -10 2 0
2326 -8 -11 2 0
2326 -8 -12 2 0
2326 -8 -13 2 0
2326 -8 -14 2 0
2326 -9 5 2 0
2326 -9 4 2 0
2326 -9 3 2 0
2326 -9 2 2 0
2326 -9 1 2 0
2326 -9 0 2 0
2326 -9 -1 2 0
2326 -9 -2 2 0
2326 -9 -3 2 0
2326 -9 -4 2 0
2326 -9 -5 2 0
2326 -9 -6 2 0
2326 -9 -7 2 0
2326 -9 -8 2 0
2326 -9 -9 2 0
2326 -9 -10 2 0
2326 -9 -11 2 0
2326 -9 -12 2 0
2326 -9 -13 2 0
2326 -9 -14 2 0
