6 version
0 template id
-1 item version
1247 num components
1709 1 -3 0 0
1701 2 10 0 0
163 1 -3 20 0
163 -2 -3 20 0
162 1 -3 20 0
162 0 -3 20 0
162 -1 -3 20 0
163 -2 -4 20 0
163 -2 -5 20 0
163 -2 -6 20 0
163 -2 -7 20 0
165 2 -4 40 0
165 2 -5 40 0
165 2 -6 40 0
165 2 -7 40 0
165 2 -8 40 0
165 0 -4 40 0
165 0 -5 40 0
165 0 -6 40 0
165 0 -7 40 0
165 0 -8 40 0
146 -7 -9 20 0
157 -8 -9 40 0
161 9 -9 40 0
160 -8 10 40 0
154 9 10 40 0
155 -8 9 40 0
155 -8 8 40 0
155 -8 7 40 0
155 -8 6 40 0
155 -8 5 40 0
155 -8 4 40 0
155 -8 3 40 0
155 -8 2 40 0
155 -8 1 40 0
155 -8 0 40 0
155 -8 -1 40 0
155 -8 -2 40 0
155 -8 -3 40 0
155 -8 -4 40 0
155 -8 -5 40 0
155 -8 -6 40 0
155 -8 -7 40 0
155 -8 -8 40 0
155 9 9 40 0
155 9 8 40 0
155 9 7 40 0
155 9 6 40 0
155 9 5 40 0
155 9 4 40 0
155 9 3 40 0
155 9 2 40 0
155 9 1 40 0
155 9 0 40 0
155 9 -1 40 0
155 9 -2 40 0
155 9 -3 40 0
155 9 -4 40 0
155 9 -5 40 0
155 9 -6 40 0
155 9 -7 40 0
155 9 -8 40 0
156 8 10 40 0
156 7 10 40 0
156 6 10 40 0
156 5 10 40 0
156 4 10 40 0
156 3 10 40 0
156 2 10 40 0
156 1 10 40 0
156 0 10 40 0
156 -1 10 40 0
156 -2 10 40 0
156 -3 10 40 0
156 -4 10 40 0
156 -5 10 40 0
156 -6 10 40 0
156 -7 10 40 0
156 8 -9 40 0
156 7 -9 40 0
156 6 -9 40 0
156 5 -9 40 0
156 4 -9 40 0
156 3 -9 40 0
156 2 -9 40 0
156 1 -9 40 0
156 0 -9 40 0
156 -1 -9 40 0
156 -2 -9 40 0
156 -3 -9 40 0
156 -4 -9 40 0
156 -5 -9 40 0
156 -6 -9 40 0
156 -7 -9 40 0
1851 2 -7 20 0
1851 1 -7 20 0
1851 2 -6 25 0
1851 1 -6 25 0
1851 2 -5 30 0
1851 1 -5 30 0
1851 1 -4 35 0
1851 2 -4 35 0
1195 3 -5 40 0
1195 3 -6 40 0
1195 3 -7 40 0
1195 3 -8 40 0
1195 9 10 40 0
1195 9 9 40 0
1195 9 8 40 0
1195 9 7 40 0
1195 9 6 40 0
1195 9 5 40 0
1195 9 4 40 0
1195 9 3 40 0
1195 9 2 40 0
1195 9 1 40 0
1195 9 0 40 0
1195 9 -1 40 0
1195 9 -2 40 0
1195 9 -3 40 0
1195 9 -4 40 0
1195 9 -5 40 0
1195 9 -6 40 0
1195 9 -7 40 0
1195 9 -8 40 0
1195 8 10 40 0
1195 8 9 40 0
1195 8 8 40 0
1195 8 7 40 0
1195 8 6 40 0
1195 8 5 40 0
1195 8 4 40 0
1195 8 3 40 0
1195 8 2 40 0
1195 8 1 40 0
1195 8 0 40 0
1195 8 -1 40 0
1195 8 -2 40 0
1195 8 -3 40 0
1195 8 -4 40 0
1195 8 -5 40 0
1195 8 -6 40 0
1195 8 -7 40 0
1195 8 -8 40 0
1195 7 10 40 0
1195 7 9 40 0
1195 7 8 40 0
1195 7 7 40 0
1195 7 6 40 0
1195 7 5 40 0
1195 7 4 40 0
1195 7 3 40 0
1195 7 2 40 0
1195 7 1 40 0
1195 7 0 40 0
1195 7 -1 40 0
1195 7 -2 40 0
1195 7 -3 40 0
1195 7 -4 40 0
1195 7 -5 40 0
1195 7 -6 40 0
1195 7 -7 40 0
1195 7 -8 40 0
1195 6 10 40 0
1195 6 9 40 0
1195 6 8 40 0
1195 6 7 40 0
1195 6 6 40 0
1195 6 5 40 0
1195 6 4 40 0
1195 6 3 40 0
1195 6 2 40 0
1195 6 1 40 0
1195 6 0 40 0
1195 6 -1 40 0
1195 6 -2 40 0
1195 6 -3 40 0
1195 6 -4 40 0
1195 6 -5 40 0
1195 6 -6 40 0
1195 6 -7 40 0
1195 6 -8 40 0
1195 5 10 40 0
1195 5 9 40 0
1195 5 8 40 0
1195 5 7 40 0
1195 5 6 40 0
1195 5 5 40 0
1195 5 4 40 0
1195 5 3 40 0
1195 5 2 40 0
1195 5 1 40 0
1195 5 0 40 0
1195 5 -1 40 0
1195 5 -2 40 0
1195 5 -3 40 0
1195 5 -4 40 0
1195 5 -5 40 0
1195 5 -6 40 0
1195 5 -7 40 0
1195 5 -8 40 0
1195 4 10 40 0
1195 4 9 40 0
1195 4 8 40 0
1195 4 7 40 0
1195 4 6 40 0
1195 4 5 40 0
1195 4 4 40 0
1195 4 3 40 0
1195 4 2 40 0
1195 4 1 40 0
1195 4 0 40 0
1195 4 -1 40 0
1195 4 -2 40 0
1195 4 -3 40 0
1195 4 -4 40 0
1195 4 -5 40 0
1195 4 -6 40 0
1195 4 -7 40 0
1195 4 -8 40 0
1195 3 10 40 0
1195 3 9 40 0
1195 3 8 40 0
1195 3 7 40 0
1195 3 6 40 0
1195 3 5 40 0
1195 3 4 40 0
1195 3 3 40 0
1195 3 2 40 0
1195 3 1 40 0
1195 3 0 40 0
1195 3 -1 40 0
1195 3 -2 40 0
1195 3 -3 40 0
1195 3 -4 40 0
1195 2 10 40 0
1195 2 9 40 0
1195 2 8 40 0
1195 2 7 40 0
1195 2 6 40 0
1195 2 5 40 0
1195 2 4 40 0
1195 2 3 40 0
1195 2 2 40 0
1195 2 1 40 0
1195 2 0 40 0
1195 2 -1 40 0
1195 2 -2 40 0
1195 2 -3 40 0
1195 1 10 40 0
1195 1 9 40 0
1195 1 8 40 0
1195 1 7 40 0
1195 1 6 40 0
1195 1 5 40 0
1195 1 4 40 0
1195 1 3 40 0
1195 1 2 40 0
1195 1 1 40 0
1195 1 0 40 0
1195 1 -1 40 0
1195 1 -2 40 0
1195 1 -3 40 0
1195 0 10 40 0
1195 0 9 40 0
1195 0 8 40 0
1195 0 7 40 0
1195 0 6 40 0
1195 0 5 40 0
1195 0 4 40 0
1195 0 3 40 0
1195 0 2 40 0
1195 0 1 40 0
1195 0 0 40 0
1195 0 -1 40 0
1195 0 -2 40 0
1195 0 -3 40 0
1195 0 -4 40 0
1195 0 -5 40 0
1195 0 -6 40 0
1195 0 -7 40 0
1195 0 -8 40 0
1195 -1 10 40 0
1195 -1 9 40 0
1195 -1 8 40 0
1195 -1 7 40 0
1195 -1 6 40 0
1195 -1 5 40 0
1195 -1 4 40 0
1195 -1 3 40 0
1195 -1 2 40 0
1195 -1 1 40 0
1195 -1 0 40 0
1195 -1 -1 40 0
1195 -1 -2 40 0
1195 -1 -3 40 0
1195 -1 -4 40 0
1195 -1 -5 40 0
1195 -1 -6 40 0
1195 -1 -7 40 0
1195 -1 -8 40 0
1195 -2 10 40 0
1195 -2 9 40 0
1195 -2 8 40 0
1195 -2 7 40 0
1195 -2 6 40 0
1195 -2 5 40 0
1195 -2 4 40 0
1195 -2 3 40 0
1195 -2 2 40 0
1195 -2 1 40 0
1195 -2 0 40 0
1195 -2 -1 40 0
1195 -2 -2 40 0
1195 -2 -3 40 0
1195 -2 -4 40 0
1195 -2 -5 40 0
1195 -2 -6 40 0
1195 -2 -7 40 0
1195 -2 -8 40 0
1195 -3 10 40 0
1195 -3 9 40 0
1195 -3 8 40 0
1195 -3 7 40 0
1195 -3 6 40 0
1195 -3 5 40 0
1195 -3 4 40 0
1195 -3 3 40 0
1195 -3 2 40 0
1195 -3 1 40 0
1195 -3 0 40 0
1195 -3 -1 40 0
1195 -3 -2 40 0
1195 -3 -3 40 0
1195 -3 -4 40 0
1195 -3 -5 40 0
1195 -3 -6 40 0
1195 -3 -7 40 0
1195 -3 -8 40 0
1195 -4 10 40 0
1195 -4 9 40 0
1195 -4 8 40 0
1195 -4 7 40 0
1195 -4 6 40 0
1195 -4 5 40 0
1195 -4 4 40 0
1195 -4 3 40 0
1195 -4 2 40 0
1195 -4 1 40 0
1195 -4 0 40 0
1195 -4 -1 40 0
1195 -4 -2 40 0
1195 -4 -3 40 0
1195 -4 -4 40 0
1195 -4 -5 40 0
1195 -4 -6 40 0
1195 -4 -7 40 0
1195 -4 -8 40 0
1195 -5 10 40 0
1195 -5 9 40 0
1195 -5 8 40 0
1195 -5 7 40 0
1195 -5 6 40 0
1195 -5 5 40 0
1195 -5 4 40 0
1195 -5 3 40 0
1195 -5 2 40 0
1195 -5 1 40 0
1195 -5 0 40 0
1195 -5 -1 40 0
1195 -5 -2 40 0
1195 -5 -3 40 0
1195 -5 -4 40 0
1195 -5 -5 40 0
1195 -5 -6 40 0
1195 -5 -7 40 0
1195 -5 -8 40 0
1195 -6 10 40 0
1195 -6 9 40 0
1195 -6 8 40 0
1195 -6 7 40 0
1195 -6 6 40 0
1195 -6 5 40 0
1195 -6 4 40 0
1195 -6 3 40 0
1195 -6 2 40 0
1195 -6 1 40 0
1195 -6 0 40 0
1195 -6 -1 40 0
1195 -6 -2 40 0
1195 -6 -3 40 0
1195 -6 -4 40 0
1195 -6 -5 40 0
1195 -6 -6 40 0
1195 -6 -7 40 0
1195 -6 -8 40 0
1195 -7 10 40 0
1195 -7 9 40 0
1195 -7 8 40 0
1195 -7 7 40 0
1195 -7 6 40 0
1195 -7 5 40 0
1195 -7 4 40 0
1195 -7 3 40 0
1195 -7 2 40 0
1195 -7 1 40 0
1195 -7 0 40 0
1195 -7 -1 40 0
1195 -7 -2 40 0
1195 -7 -3 40 0
1195 -7 -4 40 0
1195 -7 -5 40 0
1195 -7 -6 40 0
1195 -7 -7 40 0
1195 -7 -8 40 0
1848 2 -4 30 0
1848 1 -4 30 0
1848 2 -4 25 0
1848 2 -5 25 0
1848 1 -4 25 0
1848 1 -5 25 0
1848 2 -4 20 0
1848 2 -5 20 0
1848 2 -6 20 0
1848 1 -4 20 0
1848 1 -5 20 0
1848 1 -6 20 0
146 -7 -9 0 0
147 -8 -9 20 0
153 -8 -7 20 0
153 9 -6 20 0
153 9 8 20 0
153 -8 8 20 0
152 1 10 20 0
152 -3 -9 20 0
152 4 -9 20 0
151 -4 10 20 0
151 5 10 20 0
150 -8 0 20 0
151 1 -9 20 0
151 9 -9 20 0
150 9 0 20 0
150 -8 10 20 0
146 8 10 20 0
146 7 10 20 0
146 6 10 20 0
146 4 10 20 0
146 3 10 20 0
146 2 10 20 0
146 0 10 20 0
146 -1 10 20 0
146 -2 10 20 0
146 -3 10 20 0
146 -5 10 20 0
146 -6 10 20 0
146 -7 10 20 0
145 -8 9 20 0
145 -8 7 20 0
145 -8 6 20 0
145 -8 5 20 0
145 -8 4 20 0
145 -8 3 20 0
145 -8 2 20 0
145 -8 1 20 0
145 -8 -1 20 0
145 -8 -2 20 0
145 -8 -3 20 0
145 -8 -4 20 0
145 -8 -5 20 0
145 -8 -6 20 0
145 -8 -8 20 0
146 0 -9 20 0
146 -1 -9 20 0
146 -2 -9 20 0
146 -4 -9 20 0
146 -5 -9 20 0
146 -6 -9 20 0
146 8 -9 20 0
146 7 -9 20 0
146 6 -9 20 0
146 5 -9 20 0
146 3 -9 20 0
146 2 -9 20 0
145 9 -1 20 0
145 9 -2 20 0
145 9 -3 20 0
145 9 -4 20 0
145 9 -5 20 0
145 9 -7 20 0
145 9 -8 20 0
145 9 9 20 0
145 9 7 20 0
145 9 6 20 0
145 9 5 20 0
145 9 4 20 0
145 9 3 20 0
145 9 2 20 0
145 9 1 20 0
144 9 10 20 0
1205 1 -8 20 0
1205 9 10 20 0
1205 9 9 20 0
1205 9 8 20 0
1205 9 7 20 0
1205 9 6 20 0
1205 9 5 20 0
1205 9 4 20 0
1205 9 3 20 0
1205 9 2 20 0
1205 9 1 20 0
1205 9 0 20 0
1205 9 -1 20 0
1205 9 -2 20 0
1205 9 -3 20 0
1205 9 -4 20 0
1205 9 -5 20 0
1205 9 -6 20 0
1205 9 -7 20 0
1205 9 -8 20 0
1205 8 10 20 0
1205 8 9 20 0
1205 8 8 20 0
1205 8 7 20 0
1205 8 6 20 0
1205 8 5 20 0
1205 8 4 20 0
1205 8 3 20 0
1205 8 2 20 0
1205 8 1 20 0
1205 8 0 20 0
1205 8 -1 20 0
1205 8 -2 20 0
1205 8 -3 20 0
1205 8 -4 20 0
1205 8 -5 20 0
1205 8 -6 20 0
1205 8 -7 20 0
1205 8 -8 20 0
1205 7 10 20 0
1205 7 9 20 0
1205 7 8 20 0
1205 7 7 20 0
1205 7 6 20 0
1205 7 5 20 0
1205 7 4 20 0
1205 7 3 20 0
1205 7 2 20 0
1205 7 1 20 0
1205 7 0 20 0
1205 7 -1 20 0
1205 7 -2 20 0
1205 7 -3 20 0
1205 7 -4 20 0
1205 7 -5 20 0
1205 7 -6 20 0
1205 7 -7 20 0
1205 7 -8 20 0
1205 6 10 20 0
1205 6 9 20 0
1205 6 8 20 0
1205 6 7 20 0
1205 6 6 20 0
1205 6 5 20 0
1205 6 4 20 0
1205 6 3 20 0
1205 6 2 20 0
1205 6 1 20 0
1205 6 0 20 0
1205 6 -1 20 0
1205 6 -2 20 0
1205 6 -3 20 0
1205 6 -4 20 0
1205 6 -5 20 0
1205 6 -6 20 0
1205 6 -7 20 0
1205 6 -8 20 0
1205 5 10 20 0
1205 5 9 20 0
1205 5 8 20 0
1205 5 7 20 0
1205 5 6 20 0
1205 5 5 20 0
1205 5 4 20 0
1205 5 3 20 0
1205 5 2 20 0
1205 5 1 20 0
1205 5 0 20 0
1205 5 -1 20 0
1205 5 -2 20 0
1205 5 -3 20 0
1205 5 -4 20 0
1205 5 -5 20 0
1205 5 -6 20 0
1205 5 -7 20 0
1205 5 -8 20 0
1205 4 10 20 0
1205 4 9 20 0
1205 4 8 20 0
1205 4 7 20 0
1205 4 6 20 0
1205 4 5 20 0
1205 4 4 20 0
1205 4 3 20 0
1205 4 2 20 0
1205 4 1 20 0
1205 4 0 20 0
1205 4 -1 20 0
1205 4 -2 20 0
1205 4 -3 20 0
1205 4 -4 20 0
1205 4 -5 20 0
1205 4 -6 20 0
1205 4 -7 20 0
1205 4 -8 20 0
1205 3 10 20 0
1205 3 9 20 0
1205 3 8 20 0
1205 3 7 20 0
1205 3 6 20 0
1205 3 5 20 0
1205 3 4 20 0
1205 3 3 20 0
1205 3 2 20 0
1205 3 1 20 0
1205 3 0 20 0
1205 3 -1 20 0
1205 3 -2 20 0
1205 3 -3 20 0
1205 3 -4 20 0
1205 3 -5 20 0
1205 3 -6 20 0
1205 3 -7 20 0
1205 3 -8 20 0
1205 2 10 20 0
1205 2 9 20 0
1205 2 8 20 0
1205 2 7 20 0
1205 2 6 20 0
1205 2 5 20 0
1205 2 4 20 0
1205 2 3 20 0
1205 2 2 20 0
1205 2 1 20 0
1205 2 0 20 0
1205 2 -1 20 0
1205 2 -2 20 0
1205 2 -3 20 0
1205 2 -4 20 0
1205 2 -5 20 0
1205 2 -6 20 0
1205 2 -7 20 0
1205 2 -8 20 0
1205 1 10 20 0
1205 1 9 20 0
1205 1 8 20 0
1205 1 7 20 0
1205 1 6 20 0
1205 1 5 20 0
1205 1 4 20 0
1205 1 3 20 0
1205 1 2 20 0
1205 1 1 20 0
1205 1 0 20 0
1205 1 -1 20 0
1205 1 -2 20 0
1205 1 -3 20 0
1205 1 -4 20 0
1205 1 -5 20 0
1205 1 -6 20 0
1205 1 -7 20 0
1205 0 10 20 0
1205 0 9 20 0
1205 0 8 20 0
1205 0 7 20 0
1205 0 6 20 0
1205 0 5 20 0
1205 0 4 20 0
1205 0 3 20 0
1205 0 2 20 0
1205 0 1 20 0
1205 0 0 20 0
1205 0 -1 20 0
1205 0 -2 20 0
1205 -1 10 20 0
1205 -1 9 20 0
1205 -1 8 20 0
1205 -1 7 20 0
1205 -1 6 20 0
1205 -1 5 20 0
1205 -1 4 20 0
1205 -1 3 20 0
1205 -1 2 20 0
1205 -1 1 20 0
1205 -1 0 20 0
1205 -1 -1 20 0
1205 -1 -2 20 0
1205 -2 10 20 0
1205 -2 9 20 0
1205 -2 8 20 0
1205 -2 7 20 0
1205 -2 6 20 0
1205 -2 5 20 0
1205 -2 4 20 0
1205 -2 3 20 0
1205 -2 2 20 0
1205 -2 1 20 0
1205 -2 0 20 0
1205 -2 -1 20 0
1205 -2 -2 20 0
1205 -2 -3 20 0
1205 -2 -4 20 0
1205 -2 -5 20 0
1205 -2 -6 20 0
1205 -2 -7 20 0
1205 -2 -8 20 0
1205 -3 10 20 0
1205 -3 9 20 0
1205 -3 8 20 0
1205 -3 7 20 0
1205 -3 6 20 0
1205 -3 5 20 0
1205 -3 4 20 0
1205 -3 3 20 0
1205 -3 2 20 0
1205 -3 1 20 0
1205 -3 0 20 0
1205 -3 -1 20 0
1205 -3 -2 20 0
1205 -3 -3 20 0
1205 -3 -4 20 0
1205 -3 -5 20 0
1205 -3 -6 20 0
1205 -3 -7 20 0
1205 -3 -8 20 0
1205 -4 10 20 0
1205 -4 9 20 0
1205 -4 8 20 0
1205 -4 7 20 0
1205 -4 6 20 0
1205 -4 5 20 0
1205 -4 4 20 0
1205 -4 3 20 0
1205 -4 2 20 0
1205 -4 1 20 0
1205 -4 0 20 0
1205 -4 -1 20 0
1205 -4 -2 20 0
1205 -4 -3 20 0
1205 -4 -4 20 0
1205 -4 -5 20 0
1205 -4 -6 20 0
1205 -4 -7 20 0
1205 -4 -8 20 0
1205 -5 10 20 0
1205 -5 9 20 0
1205 -5 8 20 0
1205 -5 7 20 0
1205 -5 6 20 0
1205 -5 5 20 0
1205 -5 4 20 0
1205 -5 3 20 0
1205 -5 2 20 0
1205 -5 1 20 0
1205 -5 0 20 0
1205 -5 -1 20 0
1205 -5 -2 20 0
1205 -5 -3 20 0
1205 -5 -4 20 0
1205 -5 -5 20 0
1205 -5 -6 20 0
1205 -5 -7 20 0
1205 -5 -8 20 0
1205 -6 10 20 0
1205 -6 9 20 0
1205 -6 8 20 0
1205 -6 7 20 0
1205 -6 6 20 0
1205 -6 5 20 0
1205 -6 4 20 0
1205 -6 3 20 0
1205 -6 2 20 0
1205 -6 1 20 0
1205 -6 0 20 0
1205 -6 -1 20 0
1205 -6 -2 20 0
1205 -6 -3 20 0
1205 -6 -4 20 0
1205 -6 -5 20 0
1205 -6 -6 20 0
1205 -6 -7 20 0
1205 -6 -8 20 0
1205 -7 10 20 0
1205 -7 9 20 0
1205 -7 8 20 0
1205 -7 7 20 0
1205 -7 6 20 0
1205 -7 5 20 0
1205 -7 4 20 0
1205 -7 3 20 0
1205 -7 2 20 0
1205 -7 1 20 0
1205 -7 0 20 0
1205 -7 -1 20 0
1205 -7 -2 20 0
1205 -7 -3 20 0
1205 -7 -4 20 0
1205 -7 -5 20 0
1205 -7 -6 20 0
1205 -7 -7 20 0
1205 -7 -8 20 0
1849 0 -7 15 0
1849 -1 -7 15 0
1849 0 -6 10 0
1849 -1 -6 10 0
1849 0 -5 5 0
1849 -1 -5 5 0
1849 0 -4 0 0
1849 -1 -4 0 0
1848 0 -8 15 0
1848 -1 -8 15 0
1848 0 -7 10 0
1848 0 -8 10 0
1848 -1 -7 10 0
1848 -1 -8 10 0
1848 0 -6 5 0
1848 0 -7 5 0
1848 0 -8 5 0
1848 -1 -6 5 0
1848 -1 -7 5 0
1848 -1 -8 5 0
1848 0 -5 0 0
1848 0 -6 0 0
1848 0 -7 0 0
1848 0 -8 0 0
1848 -1 -5 0 0
1848 -1 -6 0 0
1848 -1 -7 0 0
1848 -1 -8 0 0
145 1 -1 0 0
145 1 -2 0 0
145 1 -4 0 0
145 1 -5 0 0
145 1 -6 0 0
145 1 -7 0 0
145 1 -8 0 0
150 1 0 0 0
146 8 0 0 0
146 7 0 0 0
146 6 0 0 0
146 5 0 0 0
146 4 0 0 0
146 3 0 0 0
146 2 0 0 0
151 9 0 0 0
145 9 1 0 0
145 9 0 0 0
152 -3 10 0 0
152 5 10 0 0
152 -4 -9 0 0
153 -8 -5 0 0
153 9 4 0 0
153 -8 4 0 0
153 9 -4 0 0
146 8 10 0 0
146 7 10 0 0
146 6 10 0 0
146 4 10 0 0
146 3 10 0 0
146 1 10 0 0
146 0 10 0 0
146 -1 10 0 0
146 -2 10 0 0
146 -4 10 0 0
146 -5 10 0 0
146 -6 10 0 0
146 -7 10 0 0
144 9 10 0 0
145 9 9 0 0
145 9 8 0 0
145 9 7 0 0
145 9 6 0 0
145 9 5 0 0
145 9 3 0 0
145 9 2 0 0
145 9 -1 0 0
145 9 -2 0 0
145 9 -3 0 0
145 9 -5 0 0
145 9 -6 0 0
145 9 -7 0 0
145 9 -8 0 0
151 9 -9 0 0
146 8 -9 0 0
146 7 -9 0 0
146 6 -9 0 0
146 5 -9 0 0
146 4 -9 0 0
146 3 -9 0 0
146 2 -9 0 0
151 1 -9 0 0
146 0 -9 0 0
146 -1 -9 0 0
146 -2 -9 0 0
146 -3 -9 0 0
146 -5 -9 0 0
146 -6 -9 0 0
147 -8 -9 0 0
145 -8 -1 0 0
1193 -7 -1 0 0
145 -8 -2 0 0
145 -8 -3 0 0
145 -8 -4 0 0
145 -8 -6 0 0
145 -8 -7 0 0
145 -8 -8 0 0
150 -8 0 0 0
145 -8 2 0 0
145 -8 1 0 0
145 -8 9 0 0
145 -8 8 0 0
145 -8 7 0 0
145 -8 6 0 0
145 -8 5 0 0
145 -8 3 0 0
150 -8 10 0 0
1193 9 10 0 0
1193 9 9 0 0
1193 9 8 0 0
1193 9 7 0 0
1193 9 6 0 0
1193 9 5 0 0
1193 9 4 0 0
1193 9 3 0 0
1193 9 2 0 0
1193 9 1 0 0
1193 9 0 0 0
1193 9 -1 0 0
1193 9 -2 0 0
1193 9 -3 0 0
1193 9 -4 0 0
1193 9 -5 0 0
1193 9 -6 0 0
1193 9 -7 0 0
1193 9 -8 0 0
1193 8 10 0 0
1193 8 9 0 0
1193 8 8 0 0
1193 8 7 0 0
1193 8 6 0 0
1193 8 5 0 0
1193 8 4 0 0
1193 8 3 0 0
1193 8 2 0 0
1193 8 1 0 0
1193 8 0 0 0
1193 8 -1 0 0
1193 8 -2 0 0
1193 8 -3 0 0
1193 8 -4 0 0
1193 8 -5 0 0
1193 8 -6 0 0
1193 8 -7 0 0
1193 8 -8 0 0
1193 7 10 0 0
1193 7 9 0 0
1193 7 8 0 0
1193 7 7 0 0
1193 7 6 0 0
1193 7 5 0 0
1193 7 4 0 0
1193 7 3 0 0
1193 7 2 0 0
1193 7 1 0 0
1193 7 0 0 0
1193 7 -1 0 0
1193 7 -2 0 0
1193 7 -3 0 0
1193 7 -4 0 0
1193 7 -5 0 0
1193 7 -6 0 0
1193 7 -7 0 0
1193 7 -8 0 0
1193 6 10 0 0
1193 6 9 0 0
1193 6 8 0 0
1193 6 7 0 0
1193 6 6 0 0
1193 6 5 0 0
1193 6 4 0 0
1193 6 3 0 0
1193 6 2 0 0
1193 6 1 0 0
1193 6 0 0 0
1193 6 -1 0 0
1193 6 -2 0 0
1193 6 -3 0 0
1193 6 -4 0 0
1193 6 -5 0 0
1193 6 -6 0 0
1193 6 -7 0 0
1193 6 -8 0 0
1193 5 10 0 0
1193 5 9 0 0
1193 5 8 0 0
1193 5 7 0 0
1193 5 6 0 0
1193 5 5 0 0
1193 5 4 0 0
1193 5 3 0 0
1193 5 2 0 0
1193 5 1 0 0
1193 5 0 0 0
1193 5 -1 0 0
1193 5 -2 0 0
1193 5 -3 0 0
1193 5 -4 0 0
1193 5 -5 0 0
1193 5 -6 0 0
1193 5 -7 0 0
1193 5 -8 0 0
1193 4 10 0 0
1193 4 9 0 0
1193 4 8 0 0
1193 4 7 0 0
1193 4 6 0 0
1193 4 5 0 0
1193 4 4 0 0
1193 4 3 0 0
1193 4 2 0 0
1193 4 1 0 0
1193 4 0 0 0
1193 4 -1 0 0
1193 4 -2 0 0
1193 4 -3 0 0
1193 4 -4 0 0
1193 4 -5 0 0
1193 4 -6 0 0
1193 4 -7 0 0
1193 4 -8 0 0
1193 3 10 0 0
1193 3 9 0 0
1193 3 8 0 0
1193 3 7 0 0
1193 3 6 0 0
1193 3 5 0 0
1193 3 4 0 0
1193 3 3 0 0
1193 3 2 0 0
1193 3 1 0 0
1193 3 0 0 0
1193 3 -1 0 0
1193 3 -2 0 0
1193 3 -3 0 0
1193 3 -4 0 0
1193 3 -5 0 0
1193 3 -6 0 0
1193 3 -7 0 0
1193 3 -8 0 0
1193 2 10 0 0
1193 2 9 0 0
1193 2 8 0 0
1193 2 7 0 0
1193 2 6 0 0
1193 2 5 0 0
1193 2 4 0 0
1193 2 3 0 0
1193 2 2 0 0
1193 2 1 0 0
1193 2 0 0 0
1193 2 -1 0 0
1193 2 -2 0 0
1193 2 -3 0 0
1193 2 -4 0 0
1193 2 -5 0 0
1193 2 -6 0 0
1193 2 -7 0 0
1193 2 -8 0 0
1193 1 10 0 0
1193 1 9 0 0
1193 1 8 0 0
1193 1 7 0 0
1193 1 6 0 0
1193 1 5 0 0
1193 1 4 0 0
1193 1 3 0 0
1193 1 2 0 0
1193 1 1 0 0
1193 1 0 0 0
1193 1 -1 0 0
1193 1 -2 0 0
1193 1 -3 0 0
1193 1 -4 0 0
1193 1 -5 0 0
1193 1 -6 0 0
1193 1 -7 0 0
1193 1 -8 0 0
1193 0 10 0 0
1193 0 9 0 0
1193 0 8 0 0
1193 0 7 0 0
1193 0 6 0 0
1193 0 5 0 0
1193 0 4 0 0
1193 0 3 0 0
1193 0 2 0 0
1193 0 1 0 0
1193 0 0 0 0
1193 0 -1 0 0
1193 0 -2 0 0
1193 0 -3 0 0
1193 0 -4 0 0
1193 0 -5 0 0
1193 0 -6 0 0
1193 0 -7 0 0
1193 0 -8 0 0
1193 -1 10 0 0
1193 -1 9 0 0
1193 -1 8 0 0
1193 -1 7 0 0
1193 -1 6 0 0
1193 -1 5 0 0
1193 -1 4 0 0
1193 -1 3 0 0
1193 -1 2 0 0
1193 -1 1 0 0
1193 -1 0 0 0
1193 -1 -1 0 0
1193 -1 -2 0 0
1193 -1 -3 0 0
1193 -1 -4 0 0
1193 -1 -5 0 0
1193 -1 -6 0 0
1193 -1 -7 0 0
1193 -1 -8 0 0
1193 -2 10 0 0
1193 -2 9 0 0
1193 -2 8 0 0
1193 -2 7 0 0
1193 -2 6 0 0
1193 -2 5 0 0
1193 -2 4 0 0
1193 -2 3 0 0
1193 -2 2 0 0
1193 -2 1 0 0
1193 -2 0 0 0
1193 -2 -1 0 0
1193 -2 -2 0 0
1193 -2 -3 0 0
1193 -2 -4 0 0
1193 -2 -5 0 0
1193 -2 -6 0 0
1193 -2 -7 0 0
1193 -2 -8 0 0
1193 -3 10 0 0
1193 -3 9 0 0
1193 -3 8 0 0
1193 -3 7 0 0
1193 -3 6 0 0
1193 -3 5 0 0
1193 -3 4 0 0
1193 -3 3 0 0
1193 -3 2 0 0
1193 -3 1 0 0
1193 -3 0 0 0
1193 -3 -1 0 0
1193 -3 -2 0 0
1193 -3 -3 0 0
1193 -3 -4 0 0
1193 -3 -5 0 0
1193 -3 -6 0 0
1193 -3 -7 0 0
1193 -3 -8 0 0
1193 -4 10 0 0
1193 -4 9 0 0
1193 -4 8 0 0
1193 -4 7 0 0
1193 -4 6 0 0
1193 -4 5 0 0
1193 -4 4 0 0
1193 -4 3 0 0
1193 -4 2 0 0
1193 -4 1 0 0
1193 -4 0 0 0
1193 -4 -1 0 0
1193 -4 -2 0 0
1193 -4 -3 0 0
1193 -4 -4 0 0
1193 -4 -5 0 0
1193 -4 -6 0 0
1193 -4 -7 0 0
1193 -4 -8 0 0
1193 -5 10 0 0
1193 -5 9 0 0
1193 -5 8 0 0
1193 -5 7 0 0
1193 -5 6 0 0
1193 -5 5 0 0
1193 -5 4 0 0
1193 -5 3 0 0
1193 -5 2 0 0
1193 -5 1 0 0
1193 -5 0 0 0
1193 -5 -1 0 0
1193 -5 -2 0 0
1193 -5 -3 0 0
1193 -5 -4 0 0
1193 -5 -5 0 0
1193 -5 -6 0 0
1193 -5 -7 0 0
1193 -5 -8 0 0
1193 -6 10 0 0
1193 -6 9 0 0
1193 -6 8 0 0
1193 -6 7 0 0
1193 -6 6 0 0
1193 -6 5 0 0
1193 -6 4 0 0
1193 -6 3 0 0
1193 -6 2 0 0
1193 -6 1 0 0
1193 -6 0 0 0
1193 -6 -1 0 0
1193 -6 -2 0 0
1193 -6 -3 0 0
1193 -6 -4 0 0
1193 -6 -5 0 0
1193 -6 -6 0 0
1193 -6 -7 0 0
1193 -6 -8 0 0
1193 -7 10 0 0
1193 -7 9 0 0
1193 -7 8 0 0
1193 -7 7 0 0
1193 -7 6 0 0
1193 -7 5 0 0
1193 -7 4 0 0
1193 -7 3 0 0
1193 -7 2 0 0
1193 -7 1 0 0
1193 -7 0 0 0
1193 -7 -2 0 0
1193 -7 -3 0 0
1193 -7 -4 0 0
1193 -7 -5 0 0
1193 -7 -6 0 0
1193 -7 -7 0 0
1193 -7 -8 0 0
