//Wooden Fortress scrip made by Lessette (shadowldy@hotmail.com) 

6 version
1 template id
-1 item version
4445 num components
1711 -17 4 0 0
3272 -2 7 0 0
3272 -2 -1 0 0
3272 -14 -1 0 0
3272 -14 7 0 0
1713 1 4 0 0
1713 -14 19 0 0
1711 -2 19 0 0
8 1 3 0 0
15 11 -11 0 0
15 11 4 0 0
15 23 19 0 0
15 -2 26 0 0
15 -14 26 0 0
1703 -7 -6 0 0
7 -4 -17 0 0
8 -6 -18 0 0
1671 -7 -20 0 0
1669 -8 -20 0 0
8 -6 -19 0 0
10 -6 -20 0 0
12 -9 -20 0 0
1701 -8 -6 0 0
8 1 22 0 0
7 0 20 0 0
7 -1 20 0 0
13 -2 20 0 0
8 -2 18 0 0
6 -14 20 0 0
8 -14 18 0 0
8 -2 28 0 0
8 -2 27 0 0
8 -2 25 0 0
8 -2 24 0 0
8 -2 23 0 0
8 -2 22 0 0
8 -2 21 0 0
6 11 24 0 0
7 10 24 0 0
8 11 23 0 0
8 11 22 0 0
8 11 21 0 0
7 9 24 0 0
7 8 24 0 0
7 7 24 0 0
7 6 24 0 0
7 5 24 0 0
7 4 24 0 0
7 3 24 0 0
7 2 24 0 0
13 1 24 0 0
8 1 23 0 0
8 1 21 0 0
12 1 20 0 0
8 -14 28 0 0
8 -14 27 0 0
8 -14 25 0 0
8 -14 24 0 0
8 -14 23 0 0
8 -14 22 0 0
8 -14 21 0 0
7 0 17 0 0
7 -1 17 0 0
13 -2 17 0 0
8 -2 16 0 0
8 -2 15 0 0
8 -2 14 0 0
12 -2 13 0 0
7 -3 13 0 0
7 -4 13 0 0
7 -5 13 0 0
7 -6 13 0 0
7 -7 13 0 0
7 -8 13 0 0
7 -9 13 0 0
7 -11 13 0 0
7 -10 13 0 0
7 -12 13 0 0
7 -13 13 0 0
9 -14 13 0 0
8 -14 14 0 0
8 -14 15 0 0
8 -14 16 0 0
7 -15 20 0 0
7 -16 20 0 0
9 -17 20 0 0
8 -17 21 0 0
8 -17 22 0 0
8 -17 23 0 0
6 -14 17 0 0
7 -15 17 0 0
7 -16 17 0 0
13 -17 17 0 0
8 -17 16 0 0
8 -17 15 0 0
8 -17 14 0 0
12 -17 13 0 0
6 -17 9 0 0
8 -17 8 0 0
8 -17 7 0 0
8 -17 6 0 0
8 -17 5 0 0
8 -17 3 0 0
8 -17 2 0 0
8 -17 1 0 0
8 -17 0 0 0
8 -17 -1 0 0
12 -17 -2 0 0
7 -10 -6 0 0
7 -11 -6 0 0
7 -12 -6 0 0
7 -13 -6 0 0
13 -14 -6 0 0
8 -14 -7 0 0
8 -14 -8 0 0
8 -14 -9 0 0
12 -14 -10 0 0
7 -16 -10 0 0
7 -15 -10 0 0
8 -17 -8 0 0
8 -17 -9 0 0
8 -17 -7 0 0
6 -17 -6 0 0
9 -17 -10 0 0
6 -17 24 0 0
8 -17 -15 0 0
7 -15 -13 0 0
8 -17 -16 0 0
12 -17 -17 0 0
8 -17 -14 0 0
7 -16 -13 0 0
13 -17 -13 0 0
6 1 17 0 0
8 1 16 0 0
8 1 15 0 0
8 1 14 0 0
9 1 13 0 0
7 2 13 0 0
7 3 13 0 0
8 13 22 0 0
8 13 21 0 0
9 11 20 0 0
7 12 20 0 0
12 13 20 0 0
7 15 24 0 0
7 14 24 0 0
13 13 24 0 0
8 13 23 0 0
7 16 24 0 0
7 17 24 0 0
7 18 24 0 0
7 19 24 0 0
7 20 24 0 0
7 21 24 0 0
7 22 24 0 0
6 23 24 0 0
8 23 23 0 0
8 23 22 0 0
8 23 21 0 0
8 23 20 0 0
8 23 18 0 0
8 23 17 0 0
8 23 16 0 0
8 23 14 0 0
8 23 15 0 0
12 23 13 0 0
7 22 13 0 0
7 21 13 0 0
7 20 13 0 0
7 19 13 0 0
7 18 13 0 0
7 17 13 0 0
7 16 13 0 0
7 15 13 0 0
7 14 13 0 0
9 13 13 0 0
8 13 14 0 0
8 13 15 0 0
8 13 16 0 0
6 13 17 0 0
7 12 17 0 0
13 11 17 0 0
8 11 16 0 0
8 11 15 0 0
8 11 14 0 0
12 11 13 0 0
7 10 13 0 0
7 9 13 0 0
13 8 13 0 0
8 8 12 0 0
8 8 11 0 0
8 8 10 0 0
6 4 13 0 0
8 4 12 0 0
8 4 11 0 0
8 4 10 0 0
12 4 9 0 0
7 3 9 0 0
7 2 9 0 0
13 1 9 0 0
8 1 8 0 0
8 1 7 0 0
8 1 6 0 0
8 1 5 0 0
8 1 1 0 0
8 1 2 0 0
8 1 0 0 0
8 1 -1 0 0
9 1 -2 0 0
7 2 -2 0 0
7 3 -2 0 0
6 4 -2 0 0
8 4 -3 0 0
8 4 -4 0 0
8 4 -5 0 0
12 4 -6 0 0
7 3 -6 0 0
7 2 -6 0 0
13 1 -6 0 0
8 1 -7 0 0
8 1 -8 0 0
8 1 -9 0 0
12 1 -10 0 0
7 0 -10 0 0
7 -1 -10 0 0
9 -2 -10 0 0
8 -2 -9 0 0
8 -2 -7 0 0
8 -2 -8 0 0
6 -2 -6 0 0
7 -3 -6 0 0
7 -4 -6 0 0
7 -5 -6 0 0
9 8 9 0 0
7 9 9 0 0
7 10 9 0 0
8 11 8 0 0
6 11 9 0 0
8 11 7 0 0
8 11 6 0 0
8 11 5 0 0
8 11 3 0 0
8 11 2 0 0
8 11 1 0 0
8 11 0 0 0
8 11 -1 0 0
12 11 -2 0 0
7 10 -2 0 0
7 9 -2 0 0
13 8 -2 0 0
8 8 -3 0 0
8 8 -4 0 0
8 8 -5 0 0
9 8 -6 0 0
7 9 -6 0 0
7 10 -6 0 0
6 11 -6 0 0
8 11 -7 0 0
8 11 -8 0 0
8 11 -9 0 0
8 11 -10 0 0
8 11 -12 0 0
8 11 -13 0 0
8 11 -14 0 0
8 11 -15 0 0
8 11 -16 0 0
12 11 -17 0 0
7 10 -17 0 0
7 9 -17 0 0
7 8 -17 0 0
7 7 -17 0 0
7 6 -17 0 0
7 4 -17 0 0
7 5 -17 0 0
7 3 -17 0 0
7 2 -17 0 0
9 1 -17 0 0
8 1 -16 0 0
8 1 -15 0 0
8 1 -14 0 0
6 1 -13 0 0
7 0 -13 0 0
7 -1 -13 0 0
13 -2 -13 0 0
8 -2 -14 0 0
8 -2 -15 0 0
8 -2 -16 0 0
12 -2 -17 0 0
7 -3 -17 0 0
7 -5 -17 0 0
13 -6 -17 0 0
6 -14 -13 0 0
8 -14 -14 0 0
8 -14 -15 0 0
8 -14 -16 0 0
9 -14 -17 0 0
7 -13 -17 0 0
7 -12 -17 0 0
6 -10 -17 0 0
7 -11 -17 0 0
9 -6 -20 0 0
7 -5 -20 0 0
7 -4 -20 0 0
7 -3 -20 0 0
7 -2 -20 0 0
7 -1 -20 0 0
7 0 -20 0 0
7 1 -20 0 0
8 -10 -18 0 0
8 -10 -19 0 0
12 -10 -20 0 0
7 -11 -20 0 0
7 -12 -20 0 0
6 2 -20 0 0
8 2 -21 0 0
8 2 -22 0 0
8 2 -23 0 0
8 2 -24 0 0
8 2 -25 0 0
12 2 -26 0 0
7 1 -26 0 0
7 0 -26 0 0
7 -2 -26 0 0
7 -1 -26 0 0
7 -3 -26 0 0
7 -4 -26 0 0
7 -5 -26 0 0
7 -6 -26 0 0
7 -7 -26 0 0
7 -9 -26 0 0
7 -8 -26 0 0
7 -10 -26 0 0
7 -13 -20 0 0
7 -14 -20 0 0
7 -15 -20 0 0
7 -16 -20 0 0
7 -17 -20 0 0
7 -11 -26 0 0
7 -12 -26 0 0
7 -14 -26 0 0
7 -13 -26 0 0
7 -15 -26 0 0
7 -16 -26 0 0
7 -17 -26 0 0
10 -6 -6 0 0
12 -9 -6 0 0
1194 10 8 20 0
1194 10 7 20 0
1194 10 6 20 0
1194 10 5 20 0
1194 10 4 20 0
1194 10 3 20 0
1194 10 2 20 0
1194 10 1 20 0
1194 10 0 20 0
1194 10 -7 20 0
1194 10 -8 20 0
1194 10 -9 20 0
1194 10 -10 20 0
1194 10 -11 20 0
1194 10 -12 20 0
1194 10 -13 20 0
1194 10 -14 20 0
1194 10 -15 20 0
1195 9 -7 20 0
1195 9 -8 20 0
1195 9 -9 20 0
1195 9 -10 20 0
1195 9 -11 20 0
1195 9 -12 20 0
1195 9 -13 20 0
1195 9 -14 20 0
1195 9 -15 20 0
1195 9 8 20 0
1195 9 7 20 0
1195 9 6 20 0
1195 9 5 20 0
1195 9 4 20 0
1195 9 3 20 0
1195 9 2 20 0
1195 9 1 20 0
1195 9 0 20 0
1196 8 8 20 0
1196 8 7 20 0
1196 8 6 20 0
1196 8 5 20 0
1196 8 4 20 0
1196 8 3 20 0
1196 8 2 20 0
1196 8 1 20 0
1196 8 0 20 0
1196 8 -1 20 0
1196 8 -7 20 0
1196 8 -8 20 0
1196 8 -9 20 0
1196 8 -10 20 0
1196 8 -11 20 0
1196 8 -12 20 0
1196 8 -13 20 0
1196 8 -14 20 0
1196 8 -15 20 0
1193 7 23 20 0
1193 7 22 20 0
1193 7 21 20 0
1193 7 20 20 0
1193 7 19 20 0
1193 7 18 20 0
1193 7 17 20 0
1193 7 16 20 0
1193 7 15 20 0
1193 7 14 20 0
1193 7 13 20 0
1193 7 12 20 0
1193 7 11 20 0
1193 7 10 20 0
1193 7 9 20 0
1193 7 8 20 0
1193 7 7 20 0
1193 7 6 20 0
1193 7 5 20 0
1193 7 4 20 0
1193 7 3 20 0
1193 7 2 20 0
1193 7 1 20 0
1193 7 0 20 0
1193 7 -1 20 0
1193 7 -2 20 0
1193 7 -3 20 0
1193 7 -4 20 0
1193 7 -5 20 0
1193 7 -6 20 0
1193 7 -7 20 0
1193 7 -8 20 0
1193 7 -9 20 0
1193 7 -10 20 0
1193 7 -11 20 0
1193 7 -12 20 0
1193 7 -13 20 0
1193 7 -14 20 0
1193 7 -15 20 0
1194 6 23 20 0
1194 6 22 20 0
1194 6 21 20 0
1194 6 20 20 0
1194 6 19 20 0
1194 6 18 20 0
1194 6 17 20 0
1194 6 16 20 0
1194 6 15 20 0
1194 6 14 20 0
1194 6 13 20 0
1194 6 12 20 0
1194 6 11 20 0
1194 6 10 20 0
1194 6 9 20 0
1194 6 8 20 0
1194 6 7 20 0
1194 6 6 20 0
1194 6 5 20 0
1194 6 4 20 0
1194 6 3 20 0
1194 6 2 20 0
1194 6 1 20 0
1194 6 0 20 0
1194 6 -1 20 0
1194 6 -2 20 0
1194 6 -3 20 0
1194 6 -4 20 0
1194 6 -5 20 0
1194 6 -6 20 0
1194 6 -7 20 0
1194 6 -8 20 0
1194 6 -9 20 0
1194 6 -10 20 0
1194 6 -11 20 0
1194 6 -12 20 0
1194 6 -13 20 0
1194 6 -14 20 0
1194 6 -15 20 0
1195 5 23 20 0
1195 5 22 20 0
1195 5 21 20 0
1195 5 20 20 0
1195 5 19 20 0
1195 5 18 20 0
1195 5 17 20 0
1195 5 16 20 0
1195 5 15 20 0
1195 5 9 20 0
1195 5 8 20 0
1195 5 7 20 0
1195 5 6 20 0
1195 5 5 20 0
1195 5 4 20 0
1195 5 3 20 0
1195 5 2 20 0
1195 5 1 20 0
1195 5 0 20 0
1196 4 8 20 0
1196 4 7 20 0
1196 4 6 20 0
1196 4 5 20 0
1196 4 4 20 0
1196 4 3 20 0
1196 4 2 20 0
1196 4 1 20 0
1196 4 0 20 0
1196 4 23 20 0
1196 4 22 20 0
1196 4 21 20 0
1196 4 20 20 0
1196 4 19 20 0
1196 4 18 20 0
1196 4 17 20 0
1196 4 16 20 0
1196 4 15 20 0
1193 3 8 20 0
1193 3 7 20 0
1193 3 6 20 0
1193 3 5 20 0
1193 3 4 20 0
1193 3 3 20 0
1193 3 2 20 0
1193 3 1 20 0
1193 3 0 20 0
1193 3 23 20 0
1193 3 22 20 0
1193 3 21 20 0
1193 3 20 20 0
1193 3 19 20 0
1193 3 18 20 0
1193 3 17 20 0
1193 3 16 20 0
1193 3 15 20 0
1194 2 20 20 0
1194 2 19 20 0
1195 1 19 20 0
1196 0 19 20 0
1193 -1 19 20 0
1194 -2 19 20 0
1194 -2 18 20 0
1195 -3 28 20 0
1195 -3 27 20 0
1195 -3 26 20 0
1195 -3 25 20 0
1195 -3 24 20 0
1195 -3 23 20 0
1195 -3 22 20 0
1195 -3 21 20 0
1195 -3 20 20 0
1195 -3 19 20 0
1195 -3 18 20 0
1195 -3 17 20 0
1195 -3 16 20 0
1195 -3 15 20 0
1196 -4 28 20 0
1196 -4 27 20 0
1196 -4 26 20 0
1196 -4 25 20 0
1196 -4 24 20 0
1196 -4 23 20 0
1196 -4 22 20 0
1196 -4 21 20 0
1196 -4 20 20 0
1196 -4 19 20 0
1196 -4 18 20 0
1196 -4 17 20 0
1196 -4 16 20 0
1196 -4 15 20 0
1193 -5 28 20 0
1193 -5 27 20 0
1193 -5 26 20 0
1193 -5 25 20 0
1193 -5 24 20 0
1193 -5 23 20 0
1193 -5 22 20 0
1193 -5 21 20 0
1193 -5 20 20 0
1193 -5 19 20 0
1193 -5 18 20 0
1193 -5 17 20 0
1193 -5 16 20 0
1193 -5 15 20 0
1194 -6 28 20 0
1194 -6 27 20 0
1194 -6 26 20 0
1194 -6 25 20 0
1194 -6 24 20 0
1194 -6 23 20 0
1194 -6 22 20 0
1194 -6 21 20 0
1194 -6 20 20 0
1194 -6 19 20 0
1194 -6 18 20 0
1194 -6 17 20 0
1194 -6 16 20 0
1194 -6 15 20 0
1195 -7 28 20 0
1195 -7 27 20 0
1195 -7 26 20 0
1195 -7 25 20 0
1195 -7 24 20 0
1195 -7 23 20 0
1195 -7 22 20 0
1195 -7 21 20 0
1195 -7 20 20 0
1195 -7 19 20 0
1195 -7 18 20 0
1195 -7 17 20 0
1195 -7 16 20 0
1195 -7 15 20 0
1196 -8 28 20 0
1196 -8 27 20 0
1196 -8 26 20 0
1196 -8 25 20 0
1196 -8 24 20 0
1196 -8 23 20 0
1196 -8 22 20 0
1196 -8 21 20 0
1196 -8 20 20 0
1196 -8 19 20 0
1196 -8 18 20 0
1196 -8 17 20 0
1196 -8 16 20 0
1196 -8 15 20 0
1193 -9 28 20 0
1193 -9 27 20 0
1193 -9 26 20 0
1193 -9 25 20 0
1193 -9 24 20 0
1193 -9 23 20 0
1193 -9 22 20 0
1193 -9 21 20 0
1193 -9 20 20 0
1193 -9 19 20 0
1193 -9 18 20 0
1193 -9 17 20 0
1193 -9 16 20 0
1193 -9 15 20 0
1194 -10 28 20 0
1194 -10 27 20 0
1194 -10 26 20 0
1194 -10 25 20 0
1194 -10 24 20 0
1194 -10 23 20 0
1194 -10 22 20 0
1194 -10 21 20 0
1194 -10 20 20 0
1194 -10 19 20 0
1194 -10 18 20 0
1194 -10 17 20 0
1194 -10 16 20 0
1194 -10 15 20 0
1195 -11 28 20 0
1195 -11 27 20 0
1195 -11 26 20 0
1195 -11 25 20 0
1195 -11 24 20 0
1195 -11 23 20 0
1195 -11 22 20 0
1195 -11 21 20 0
1195 -11 20 20 0
1195 -11 19 20 0
1195 -11 18 20 0
1195 -11 17 20 0
1195 -11 16 20 0
1195 -11 15 20 0
1196 -12 28 20 0
1196 -12 27 20 0
1196 -12 26 20 0
1196 -12 25 20 0
1196 -12 24 20 0
1196 -12 23 20 0
1196 -12 22 20 0
1196 -12 21 20 0
1196 -12 20 20 0
1196 -12 19 20 0
1196 -12 18 20 0
1196 -12 17 20 0
1196 -12 16 20 0
1196 -12 15 20 0
1198 -14 20 20 0
1198 -15 20 20 0
1198 -16 20 20 0
1195 5 -6 20 0
1195 5 -7 20 0
1195 5 -8 20 0
1195 5 -9 20 0
1195 5 -10 20 0
1195 5 -11 20 0
1195 5 -12 20 0
1195 5 -13 20 0
1195 5 -14 20 0
1195 5 -15 20 0
1196 4 -7 20 0
1196 4 -8 20 0
1196 4 -9 20 0
1196 4 -10 20 0
1196 4 -11 20 0
1196 4 -12 20 0
1196 4 -13 20 0
1196 4 -14 20 0
1196 4 -15 20 0
1193 3 -7 20 0
1193 3 -8 20 0
1193 3 -9 20 0
1193 3 -10 20 0
1193 3 -11 20 0
1193 3 -12 20 0
1193 3 -13 20 0
1193 3 -14 20 0
1193 3 -15 20 0
1194 2 -10 20 0
1194 2 -11 20 0
1195 1 -11 20 0
1196 0 -11 20 0
1193 -1 -11 20 0
1194 -2 -11 20 0
1194 -2 -12 20 0
1195 1 -21 20 0
1195 1 -22 20 0
1195 1 -23 20 0
1195 1 -24 20 0
1196 0 -21 20 0
1196 0 -22 20 0
1196 0 -23 20 0
1196 0 -24 20 0
1193 -1 -21 20 0
1193 -1 -22 20 0
1193 -1 -23 20 0
1193 -1 -24 20 0
1194 -2 -21 20 0
1194 -2 -22 20 0
1194 -2 -23 20 0
1194 -2 -24 20 0
1195 -3 -7 20 0
1195 -3 -8 20 0
1195 -3 -9 20 0
1195 -3 -10 20 0
1195 -3 -11 20 0
1195 -3 -12 20 0
1195 -3 -13 20 0
1195 -3 -14 20 0
1195 -3 -15 20 0
1195 -3 -21 20 0
1195 -3 -22 20 0
1195 -3 -23 20 0
1195 -3 -24 20 0
1196 -4 -7 20 0
1196 -4 -8 20 0
1196 -4 -9 20 0
1196 -4 -10 20 0
1196 -4 -11 20 0
1196 -4 -12 20 0
1196 -4 -13 20 0
1196 -4 -14 20 0
1196 -4 -15 20 0
1196 -4 -21 20 0
1196 -4 -22 20 0
1196 -4 -23 20 0
1196 -4 -24 20 0
1193 -5 -7 20 0
1193 -5 -8 20 0
1193 -5 -9 20 0
1193 -5 -10 20 0
1193 -5 -11 20 0
1193 -5 -12 20 0
1193 -5 -13 20 0
1193 -5 -14 20 0
1193 -5 -15 20 0
1193 -5 -21 20 0
1193 -5 -22 20 0
1193 -5 -23 20 0
1193 -5 -24 20 0
1194 -6 -7 20 0
1194 -6 -8 20 0
1194 -6 -9 20 0
1194 -6 -10 20 0
1194 -6 -11 20 0
1194 -6 -12 20 0
1194 -6 -13 20 0
1194 -6 -14 20 0
1194 -6 -15 20 0
1194 -6 -16 20 0
1194 -6 -21 20 0
1194 -6 -22 20 0
1194 -6 -23 20 0
1194 -6 -24 20 0
1195 -7 -7 20 0
1195 -7 -8 20 0
1195 -7 -9 20 0
1195 -7 -10 20 0
1195 -7 -11 20 0
1195 -7 -12 20 0
1195 -7 -13 20 0
1195 -7 -14 20 0
1195 -7 -15 20 0
1195 -7 -16 20 0
1195 -7 -17 20 0
1195 -7 -18 20 0
1195 -7 -19 20 0
1195 -7 -20 20 0
1195 -7 -21 20 0
1195 -7 -22 20 0
1195 -7 -23 20 0
1195 -7 -24 20 0
1195 -11 -7 20 0
1195 -11 -8 20 0
1195 -11 -9 20 0
1195 -11 -10 20 0
1195 -11 -11 20 0
1195 -11 -12 20 0
1195 -11 -13 20 0
1195 -11 -14 20 0
1195 -11 -15 20 0
1194 -10 -7 20 0
1194 -10 -8 20 0
1194 -10 -9 20 0
1194 -10 -10 20 0
1194 -10 -11 20 0
1194 -10 -12 20 0
1194 -10 -13 20 0
1194 -10 -14 20 0
1194 -10 -15 20 0
1193 -9 -7 20 0
1193 -9 -8 20 0
1193 -9 -9 20 0
1193 -9 -10 20 0
1193 -9 -11 20 0
1193 -9 -12 20 0
1193 -9 -13 20 0
1193 -9 -14 20 0
1193 -9 -15 20 0
1196 -8 -7 20 0
1196 -8 -8 20 0
1196 -8 -9 20 0
1196 -8 -10 20 0
1196 -8 -11 20 0
1196 -8 -12 20 0
1196 -8 -13 20 0
1196 -8 -14 20 0
1196 -8 -15 20 0
1196 -8 -16 20 0
1196 -8 -17 20 0
1196 -8 -18 20 0
1196 -8 -19 20 0
1196 -8 -20 20 0
1196 -8 -21 20 0
1196 -8 -22 20 0
1196 -8 -23 20 0
1196 -8 -24 20 0
1193 -9 -20 20 0
1193 -9 -21 20 0
1193 -9 -22 20 0
1193 -9 -23 20 0
1193 -9 -24 20 0
1194 -10 -21 20 0
1194 -10 -22 20 0
1194 -10 -23 20 0
1194 -10 -24 20 0
1195 -11 -21 20 0
1195 -11 -22 20 0
1195 -11 -23 20 0
1195 -11 -24 20 0
1196 -12 -7 20 0
1196 -12 -8 20 0
1196 -12 -9 20 0
1196 -12 -10 20 0
1196 -12 -11 20 0
1196 -12 -12 20 0
1196 -12 -13 20 0
1196 -12 -14 20 0
1196 -12 -15 20 0
1196 -12 -21 20 0
1196 -12 -22 20 0
1196 -12 -23 20 0
1196 -12 -24 20 0
1193 -13 -21 20 0
1193 -13 -22 20 0
1193 -13 -23 20 0
1193 -13 -24 20 0
1194 -14 -21 20 0
1194 -14 -22 20 0
1194 -14 -23 20 0
1194 -14 -24 20 0
1195 -15 -21 20 0
1195 -15 -22 20 0
1195 -15 -23 20 0
1195 -15 -24 20 0
1196 -16 -21 20 0
1196 -16 -22 20 0
1196 -16 -23 20 0
1196 -16 -24 20 0
1193 -13 -10 20 0
1193 -13 -11 20 0
1193 -13 20 20 0
1193 -13 19 20 0
1194 -14 19 20 0
1195 -15 19 20 0
1196 -16 19 20 0
1194 -14 -11 20 0
1195 -15 -11 20 0
1196 -16 -11 20 0
1193 -17 -11 20 0
1193 -17 -12 20 0
1193 -17 19 20 0
1193 -17 18 20 0
1190 11 20 20 0
1196 8 23 20 0
1196 8 22 20 0
1196 8 21 20 0
1196 8 20 20 0
1196 8 19 20 0
1196 8 18 20 0
1196 8 17 20 0
1196 8 16 20 0
1196 8 15 20 0
1196 8 14 20 0
1195 9 23 20 0
1195 9 22 20 0
1195 9 21 20 0
1195 9 20 20 0
1195 9 19 20 0
1195 9 18 20 0
1195 9 17 20 0
1195 9 16 20 0
1195 9 15 20 0
1194 10 23 20 0
1194 10 22 20 0
1194 10 21 20 0
1194 10 20 20 0
1194 10 19 20 0
1194 10 18 20 0
1194 10 17 20 0
1194 10 16 20 0
1194 10 15 20 0
1193 11 19 20 0
1193 11 18 20 0
1196 12 19 20 0
1195 13 19 20 0
1194 14 20 20 0
1194 14 19 20 0
1193 15 23 20 0
1193 15 22 20 0
1193 15 21 20 0
1193 15 20 20 0
1193 15 19 20 0
1193 15 18 20 0
1193 15 17 20 0
1193 15 16 20 0
1193 15 15 20 0
1196 16 23 20 0
1196 16 22 20 0
1196 16 21 20 0
1196 16 20 20 0
1196 16 19 20 0
1196 16 18 20 0
1196 16 17 20 0
1196 16 16 20 0
1196 16 15 20 0
1195 17 23 20 0
1195 17 22 20 0
1195 17 21 20 0
1195 17 20 20 0
1195 17 19 20 0
1195 17 18 20 0
1195 17 17 20 0
1195 17 16 20 0
1195 17 15 20 0
1194 18 23 20 0
1194 18 22 20 0
1194 18 21 20 0
1194 18 20 20 0
1194 18 19 20 0
1194 18 18 20 0
1194 18 17 20 0
1194 18 16 20 0
1194 18 15 20 0
1193 19 23 20 0
1193 19 22 20 0
1193 19 21 20 0
1193 19 20 20 0
1193 19 19 20 0
1193 19 18 20 0
1193 19 17 20 0
1193 19 16 20 0
1193 19 15 20 0
1196 20 23 20 0
1196 20 22 20 0
1196 20 21 20 0
1196 20 20 20 0
1196 20 19 20 0
1196 20 18 20 0
1196 20 17 20 0
1196 20 16 20 0
1196 20 15 20 0
1195 21 23 20 0
1195 21 22 20 0
1195 21 21 20 0
1195 21 20 20 0
1195 21 19 20 0
1195 21 18 20 0
1195 21 17 20 0
1195 21 16 20 0
1195 21 15 20 0
1194 22 23 20 0
1194 22 22 20 0
1194 22 21 20 0
1194 22 20 20 0
1194 22 19 20 0
1194 22 18 20 0
1194 22 17 20 0
1194 22 16 20 0
1194 22 15 20 0
1204 2 -1 20 0
1190 -2 -10 20 0
6016 -3 -5 0 0
1201 -2 -6 0 0
12789 -1 -6 0 0
6016 -1 -5 0 0
6016 -2 -5 0 0
1202 -13 -6 20 0
1190 -17 -10 20 0
1201 -17 -6 20 0
1201 -17 9 20 0
6016 -16 -1 0 0
1203 -17 -1 0 0
1203 -17 14 20 0
1190 -2 20 20 0
1200 -14 18 20 0
1200 -15 18 20 0
1200 -16 18 20 0
1189 -13 18 20 0
1204 -13 14 20 0
6016 -1 13 0 0
1203 -2 14 0 0
1200 1 18 20 0
1200 0 18 20 0
1200 -1 18 20 0
1189 2 18 20 0
1202 2 24 20 0
1201 11 24 20 0
1200 13 18 20 0
1200 12 18 20 0
1202 14 24 20 0
1201 23 24 20 0
1203 23 14 20 0
1204 14 14 20 0
1189 14 18 20 0
1203 11 14 20 0
1204 2 14 20 0
1189 5 14 20 0
1190 8 9 20 0
1202 2 9 0 0
1201 11 9 20 0
1203 11 -1 20 0
1189 5 -1 20 0
1190 8 -6 20 0
1202 2 -6 20 0
1201 11 -6 20 0
1203 11 -16 20 0
1204 2 -16 20 0
1189 2 -12 20 0
1203 -2 -16 20 0
1190 -6 -20 20 0
1204 -13 -16 20 0
1189 -13 -12 20 0
1200 -14 -12 20 0
1200 -15 -12 20 0
1200 -16 -12 20 0
1189 -9 -16 20 0
1200 -3 14 20 0
1200 -4 14 20 0
1200 -5 14 20 0
1200 -6 14 20 0
1200 -7 14 20 0
1200 -8 14 20 0
1200 -9 14 20 0
1200 -10 14 20 0
1200 -11 14 20 0
1200 -12 14 20 0
1200 22 14 20 0
1200 21 14 20 0
1200 20 14 20 0
1200 19 14 20 0
1200 18 14 20 0
1200 17 14 20 0
1200 16 14 20 0
1200 15 14 20 0
1200 10 14 20 0
1200 9 14 20 0
1200 4 14 20 0
1200 3 14 20 0
1200 10 -1 20 0
1200 9 -1 20 0
1200 4 -1 20 0
1200 3 -1 20 0
1198 1 -10 20 0
1198 0 -10 20 0
1198 -1 -10 20 0
1200 1 -12 20 0
1200 0 -12 20 0
1200 -1 -12 20 0
1200 10 -16 20 0
1200 9 -16 20 0
1200 8 -16 20 0
1200 7 -16 20 0
1200 6 -16 20 0
1200 5 -16 20 0
1200 4 -16 20 0
1200 3 -16 20 0
1200 -3 -16 20 0
1200 -4 -16 20 0
1200 -5 -16 20 0
1200 -10 -16 20 0
1200 -11 -16 20 0
1200 -12 -16 20 0
1197 -13 -13 20 0
1197 -13 -14 20 0
1197 -13 -15 20 0
1197 -13 -7 20 0
1197 -13 -8 20 0
1197 -13 -9 20 0
1197 -13 17 20 0
1197 -13 16 20 0
1197 -13 15 20 0
1197 -13 28 20 0
1197 -13 27 20 0
1197 -13 26 20 0
1197 -13 25 20 0
1197 -13 24 20 0
1197 -13 23 20 0
1197 -13 22 20 0
1197 -13 21 20 0
1199 -2 17 20 0
1199 -2 16 20 0
1199 -2 15 20 0
1197 2 23 20 0
1197 2 22 20 0
1197 2 21 20 0
1197 14 23 20 0
1197 14 22 20 0
1197 14 21 20 0
1197 14 17 20 0
1197 14 16 20 0
1197 14 15 20 0
1197 2 17 20 0
1197 2 16 20 0
1197 2 15 20 0
1197 5 13 20 0
1197 5 12 20 0
1197 5 11 20 0
1197 5 10 20 0
1197 2 8 20 0
1197 2 7 20 0
1197 2 6 20 0
1197 2 5 20 0
1197 2 4 20 0
1197 2 3 20 0
1197 2 2 20 0
1197 2 1 20 0
1197 2 0 20 0
1197 5 -2 20 0
1197 5 -3 20 0
1197 5 -4 20 0
1197 5 -5 20 0
1197 2 -7 20 0
1197 2 -8 20 0
1197 2 -9 20 0
1197 2 -13 20 0
1197 2 -14 20 0
1197 2 -15 20 0
1197 -9 -17 20 0
1197 -9 -18 20 0
1197 -9 -19 20 0
1199 -17 -13 20 0
1199 -17 -14 20 0
1199 -17 -15 20 0
1199 -17 -7 20 0
1199 -17 -8 20 0
1199 -17 -9 20 0
1199 -17 8 20 0
1199 -17 7 20 0
1199 -17 6 20 0
1199 -17 5 20 0
1199 -17 4 20 0
1199 -17 3 20 0
1199 -17 2 20 0
1199 -17 1 20 0
1199 -17 0 20 0
1199 -17 23 20 0
1199 -17 22 20 0
1199 -17 21 20 0
1199 -17 17 20 0
1199 -17 16 20 0
1199 -17 15 20 0
1199 -2 28 20 0
1199 -2 27 20 0
1199 -2 26 20 0
1199 -2 25 20 0
1199 -2 24 20 0
1199 -2 23 20 0
1199 -2 22 20 0
1199 -2 21 20 0
1199 11 23 20 0
1199 11 22 20 0
1199 11 21 20 0
1199 23 23 20 0
1199 23 22 20 0
1199 23 21 20 0
1199 23 20 20 0
1199 23 19 20 0
1199 23 18 20 0
1199 23 17 20 0
1199 23 16 20 0
1199 23 15 20 0
1199 11 17 20 0
1199 11 16 20 0
1199 11 15 20 0
1199 8 13 20 0
1199 8 12 20 0
1199 8 11 20 0
1199 8 10 20 0
1199 11 8 20 0
1199 11 7 20 0
1199 11 6 20 0
1199 11 5 20 0
1199 11 4 20 0
1199 11 3 20 0
1199 11 2 20 0
1199 11 1 20 0
1199 11 0 20 0
1199 8 -2 20 0
1199 8 -3 20 0
1199 8 -4 20 0
1199 8 -5 20 0
1199 11 -7 20 0
1199 11 -8 20 0
1199 11 -9 20 0
1199 11 -10 20 0
1199 11 -11 20 0
1199 11 -12 20 0
1199 11 -13 20 0
1199 11 -14 20 0
1199 11 -15 20 0
1199 -2 -7 20 0
1199 -2 -8 20 0
1199 -2 -9 20 0
1199 -2 -13 20 0
1199 -2 -14 20 0
1199 -2 -15 20 0
1199 -6 -17 20 0
1199 -6 -18 20 0
1199 -6 -19 20 0
1198 -14 -10 20 0
1198 -15 -10 20 0
1198 -16 -10 20 0
1198 -3 -6 20 0
1198 -4 -6 20 0
1198 -5 -6 20 0
1198 -6 -6 20 0
1198 -7 -6 20 0
1198 -8 -6 20 0
1198 -9 -6 20 0
1198 -10 -6 20 0
1198 -11 -6 20 0
1198 -12 -6 20 0
1198 10 -6 20 0
1198 9 -6 20 0
1198 4 -6 20 0
1198 3 -6 20 0
1198 10 9 20 0
1198 9 9 20 0
1198 4 9 20 0
1198 3 9 20 0
1198 22 24 20 0
1198 21 24 20 0
1198 20 24 20 0
1198 19 24 20 0
1198 18 24 20 0
1198 17 24 20 0
1198 16 24 20 0
1198 15 24 20 0
1198 13 20 20 0
1198 12 20 20 0
1198 10 24 20 0
1198 9 24 20 0
1198 8 24 20 0
1198 7 24 20 0
1198 6 24 20 0
1198 5 24 20 0
1198 4 24 20 0
1198 3 24 20 0
1198 1 20 20 0
1198 0 20 20 0
1198 -1 20 20 0
1198 -10 -20 20 0
1198 -11 -20 20 0
1198 -12 -20 20 0
1198 -13 -20 20 0
1198 -14 -20 20 0
1198 -15 -20 20 0
1198 -16 -20 20 0
1198 1 -20 20 0
1198 0 -20 20 0
1198 -1 -20 20 0
1198 -2 -20 20 0
1198 -3 -20 20 0
1198 -4 -20 20 0
1198 -5 -20 20 0
1201 2 -20 20 0
1199 2 -21 20 0
1199 2 -22 20 0
1199 2 -23 20 0
1199 2 -24 20 0
1203 2 -25 20 0
1200 1 -25 20 0
1200 0 -25 20 0
1200 -1 -25 20 0
1200 -2 -25 20 0
1200 -3 -25 20 0
1200 -4 -25 20 0
1200 -5 -25 20 0
1200 -6 -25 20 0
1200 -7 -25 20 0
1200 -8 -25 20 0
1200 -9 -25 20 0
1200 -10 -25 20 0
1200 -11 -25 20 0
1200 -12 -25 0 0
1200 -13 -25 20 0
1200 -14 -25 20 0
1200 -15 -25 0 0
1200 -16 -25 20 0
1202 -17 -20 20 0
1197 -17 -21 20 0
1197 -17 -22 20 0
1197 -17 -23 20 0
1197 -17 -24 20 0
1204 -17 -25 20 0
1203 -17 -16 20 0
1190 8 -6 0 0
2861 -4 8 0 0
2861 -6 8 0 0
2861 -8 8 0 0
2861 -10 8 0 0
2861 -12 8 0 0
6016 -9 3 0 0
2861 -10 -2 0 0
2861 -12 -2 0 0
2861 -6 -2 0 0
2861 -4 -2 0 0
2861 -8 -2 0 0
6016 -15 1 0 0
3203 -14 4 1 0
3203 -14 2 1 0
3206 -14 1 1 0
3206 -14 3 1 0
3206 -14 5 1 0
3203 -2 4 1 0
3203 -2 2 1 0
3206 -2 5 1 0
3206 -2 3 1 0
3206 -2 1 1 0
3215 -2 6 0 0
3215 -2 0 0 0
3215 -14 0 0 0
3215 -14 6 0 0
3480 -15 -4 0 0
3480 -15 11 0 0
6016 -14 10 0 0
6021 2 -2 0 0
6021 2 -3 0 0
6021 2 -4 0 0
6021 2 -5 0 0
6021 2 13 0 0
6021 2 12 0 0
6021 2 11 0 0
6021 2 10 0 0
6020 1 14 0 0
6020 0 14 0 0
6020 -1 14 0 0
6020 -14 14 0 0
6020 -15 14 0 0
6020 -16 14 0 0
6019 -17 13 0 0
6019 -17 12 0 0
6019 -17 11 0 0
6019 -17 10 0 0
6019 -17 -2 0 0
6019 -17 -3 0 0
6019 -17 -4 0 0
6019 -17 -5 0 0
6018 1 -6 1 0
6018 0 -6 1 0
6018 -1 -6 1 0
6018 -14 -6 1 0
6018 -15 -6 1 0
6018 -16 -6 1 0
6016 1 13 0 0
6016 1 12 0 0
6016 1 11 0 0
6016 1 10 0 0
6016 1 9 0 0
6016 1 8 0 0
6016 1 7 0 0
6016 1 6 0 0
6016 1 5 0 0
6016 1 4 0 0
6016 1 3 0 0
6016 1 2 0 0
6016 1 1 0 0
6016 1 0 0 0
6016 1 -1 0 0
6016 1 -2 0 0
6016 1 -3 0 0
6016 1 -4 0 0
6016 1 -5 0 0
6016 0 13 0 0
6016 0 12 0 0
6016 0 11 0 0
6016 0 10 0 0
6016 0 9 0 0
6016 0 8 0 0
6016 0 7 0 0
6016 0 6 0 0
6016 0 5 0 0
6016 0 4 0 0
6016 0 3 0 0
6016 0 2 0 0
6016 0 1 0 0
6016 0 0 0 0
6016 0 -1 0 0
6016 0 -2 0 0
6016 0 -3 0 0
6016 0 -4 0 0
6016 0 -5 0 0
6016 -1 12 0 0
6016 -1 11 0 0
6016 -1 10 0 0
6016 -1 9 0 0
6016 -1 8 0 0
6016 -1 7 0 0
6016 -1 6 0 0
6016 -1 5 0 0
6016 -1 4 0 0
6016 -1 3 0 0
6016 -1 2 0 0
6016 -1 1 0 0
6016 -1 0 0 0
6016 -1 -1 0 0
6016 -1 -2 0 0
6016 -1 -3 0 0
6016 -1 -4 0 0
6016 -2 13 0 0
6016 -2 12 0 0
6016 -2 11 0 0
6016 -2 10 0 0
6016 -2 9 0 0
6016 -2 8 0 0
6016 -2 7 0 0
6016 -2 6 0 0
6016 -2 0 0 0
6016 -2 -1 0 0
6016 -2 -2 0 0
6016 -2 -3 0 0
6016 -2 -4 0 0
6016 -3 13 0 0
6016 -3 12 0 0
6016 -3 11 0 0
6016 -3 10 0 0
6016 -3 9 0 0
6016 -3 8 0 0
6016 -3 7 0 0
6016 -3 6 0 0
6016 -3 5 0 0
6016 -3 4 0 0
6016 -3 3 0 0
6016 -3 2 0 0
6016 -3 1 0 0
6016 -3 0 0 0
6016 -3 -1 0 0
6016 -3 -2 0 0
6016 -3 -3 0 0
6016 -3 -4 0 0
6016 -4 13 0 0
6016 -4 12 0 0
6016 -4 11 0 0
6016 -4 10 0 0
6016 -4 9 0 0
6016 -4 8 0 0
6016 -4 7 0 0
6016 -4 6 0 0
6016 -4 5 0 0
6016 -4 4 0 0
6016 -4 3 0 0
6016 -4 2 0 0
6016 -4 1 0 0
6016 -4 0 0 0
6016 -4 -1 0 0
6016 -4 -2 0 0
6016 -4 -3 0 0
6016 -4 -4 0 0
6016 -4 -5 0 0
6016 -5 13 0 0
6016 -5 12 0 0
6016 -5 11 0 0
6016 -5 10 0 0
6016 -5 9 0 0
6016 -5 8 0 0
6016 -5 7 0 0
6016 -5 6 0 0
6016 -5 5 0 0
6016 -5 4 0 0
6016 -5 3 0 0
6016 -5 2 0 0
6016 -5 1 0 0
6016 -5 0 0 0
6016 -5 -1 0 0
6016 -5 -2 0 0
6016 -5 -3 0 0
6016 -5 -4 0 0
6016 -5 -5 0 0
6016 -6 13 0 0
6016 -6 12 0 0
6016 -6 11 0 0
6016 -6 10 0 0
6016 -6 9 0 0
6016 -6 8 0 0
6016 -6 7 0 0
6016 -6 6 0 0
6016 -6 5 0 0
6016 -6 4 0 0
6016 -6 3 0 0
6016 -6 2 0 0
6016 -6 1 0 0
6016 -6 0 0 0
6016 -6 -1 0 0
6016 -6 -2 0 0
6016 -6 -3 0 0
6016 -6 -4 0 0
6016 -6 -5 0 0
6016 -7 13 0 0
6016 -7 12 0 0
6016 -7 11 0 0
6016 -7 10 0 0
6016 -7 9 0 0
6016 -7 8 0 0
6016 -7 7 0 0
6016 -7 6 0 0
6016 -7 5 0 0
6016 -7 4 0 0
6016 -7 3 0 0
6016 -7 2 0 0
6016 -7 1 0 0
6016 -7 0 0 0
6016 -7 -1 0 0
6016 -7 -2 0 0
6016 -7 -3 0 0
6016 -7 -4 0 0
6016 -7 -5 0 0
6016 -8 13 0 0
6016 -8 12 0 0
6016 -8 11 0 0
6016 -8 10 0 0
6016 -8 9 0 0
6016 -8 8 0 0
6016 -8 7 0 0
6016 -8 6 0 0
6016 -8 5 0 0
6016 -8 4 0 0
6016 -8 3 0 0
6016 -8 2 0 0
6016 -8 1 0 0
6016 -8 0 0 0
6016 -8 -1 0 0
6016 -8 -2 0 0
6016 -8 -3 0 0
6016 -8 -4 0 0
6016 -8 -5 0 0
6016 -9 13 0 0
6016 -9 12 0 0
6016 -9 11 0 0
6016 -9 10 0 0
6016 -9 9 0 0
6016 -9 8 0 0
6016 -9 7 0 0
6016 -9 6 0 0
6016 -9 5 0 0
6016 -9 4 0 0
6016 -9 2 0 0
6016 -9 1 0 0
6016 -9 0 0 0
6016 -9 -1 0 0
6016 -9 -2 0 0
6016 -9 -3 0 0
6016 -9 -4 0 0
6016 -9 -5 0 0
6016 -10 13 0 0
6016 -10 12 0 0
6016 -10 11 0 0
6016 -10 10 0 0
6016 -10 9 0 0
6016 -10 8 0 0
6016 -10 7 0 0
6016 -10 6 0 0
6016 -10 5 0 0
6016 -10 4 0 0
6016 -10 3 0 0
6016 -10 2 0 0
6016 -10 1 0 0
6016 -10 0 0 0
6016 -10 -1 0 0
6016 -10 -2 0 0
6016 -10 -3 0 0
6016 -10 -4 0 0
6016 -10 -5 0 0
6016 -11 13 0 0
6016 -11 12 0 0
6016 -11 11 0 0
6016 -11 10 0 0
6016 -11 9 0 0
6016 -11 8 0 0
6016 -11 7 0 0
6016 -11 6 0 0
6016 -11 5 0 0
6016 -11 4 0 0
6016 -11 3 0 0
6016 -11 2 0 0
6016 -11 1 0 0
6016 -11 0 0 0
6016 -11 -1 0 0
6016 -11 -2 0 0
6016 -11 -3 0 0
6016 -11 -4 0 0
6016 -11 -5 0 0
6016 -12 13 0 0
6016 -12 12 0 0
6016 -12 11 0 0
6016 -12 10 0 0
6016 -12 9 0 0
6016 -12 8 0 0
6016 -12 7 0 0
6016 -12 6 0 0
6016 -12 5 0 0
6016 -12 4 0 0
6016 -12 3 0 0
6016 -12 2 0 0
6016 -12 1 0 0
6016 -12 0 0 0
6016 -12 -1 0 0
6016 -12 -2 0 0
6016 -12 -3 0 0
6016 -12 -4 0 0
6016 -12 -5 0 0
6016 -13 13 0 0
6016 -13 12 0 0
6016 -13 11 0 0
6016 -13 10 0 0
6016 -13 9 0 0
6016 -13 8 0 0
6016 -13 7 0 0
6016 -13 6 0 0
6016 -13 5 0 0
6016 -13 4 0 0
6016 -13 3 0 0
6016 -13 2 0 0
6016 -13 1 0 0
6016 -13 0 0 0
6016 -13 -1 0 0
6016 -13 -2 0 0
6016 -13 -3 0 0
6016 -13 -4 0 0
6016 -13 -5 0 0
6016 -14 13 0 0
6016 -14 12 0 0
6016 -14 11 0 0
6016 -14 9 0 0
6016 -14 8 0 0
6016 -14 7 0 0
6016 -14 6 0 0
6016 -14 0 0 0
6016 -14 -1 0 0
6016 -14 -2 0 0
6016 -14 -3 0 0
6016 -14 -4 0 0
6016 -14 -5 0 0
6016 -15 13 0 0
6016 -15 12 0 0
6016 -15 11 0 0
6016 -15 10 0 0
6016 -15 9 0 0
6016 -15 8 0 0
6016 -15 7 0 0
6016 -15 6 0 0
6016 -15 5 0 0
6016 -15 4 0 0
6016 -15 3 0 0
6016 -15 2 0 0
6016 -15 0 0 0
6016 -15 -1 0 0
6016 -15 -2 0 0
6016 -15 -3 0 0
6016 -15 -4 0 0
6016 -15 -5 0 0
6016 -16 13 0 0
6016 -16 12 0 0
6016 -16 11 0 0
6016 -16 10 0 0
6016 -16 9 0 0
6016 -16 8 0 0
6016 -16 7 0 0
6016 -16 6 0 0
6016 -16 5 0 0
6016 -16 4 0 0
6016 -16 3 0 0
6016 -16 2 0 0
6016 -16 1 0 0
6016 -16 0 0 0
6016 -16 -2 0 0
6016 -16 -3 0 0
6016 -16 -4 0 0
6016 -16 -5 0 0
12789 4 -2 0 0
12789 4 -3 0 0
12789 4 -4 0 0
12789 4 -5 0 0
12789 3 -2 0 0
12789 3 -3 0 0
12789 3 -4 0 0
12789 3 -5 0 0
12789 2 -2 0 0
12789 2 -3 0 0
12789 2 -4 0 0
12789 2 -5 0 0
12789 1 -6 0 0
12789 1 -7 0 0
12789 1 -8 0 0
12789 1 -9 0 0
12789 0 -6 0 0
12789 0 -7 0 0
12789 0 -8 0 0
12789 0 -9 0 0
12789 -1 -7 0 0
12789 -1 -8 0 0
12789 -1 -9 0 0
12789 4 13 0 0
12789 4 12 0 0
12789 4 11 0 0
12789 4 10 0 0
12789 3 13 0 0
12789 3 12 0 0
12789 3 11 0 0
12789 3 10 0 0
12789 2 13 0 0
12789 2 12 0 0
12789 2 11 0 0
12789 2 10 0 0
12789 1 17 0 0
12789 1 16 0 0
12789 1 15 0 0
12789 1 14 0 0
12789 0 17 0 0
12789 0 16 0 0
12789 0 15 0 0
12789 0 14 0 0
12789 -1 17 0 0
12789 -1 16 0 0
12789 -1 15 0 0
12789 -1 14 0 0
12789 -14 17 0 0
12789 -14 16 0 0
12789 -14 15 0 0
12789 -14 14 0 0
12789 -15 17 0 0
12789 -15 16 0 0
12789 -15 15 0 0
12789 -15 14 0 0
12789 -16 17 0 0
12789 -16 16 0 0
12789 -16 15 0 0
12789 -16 14 0 0
12789 -17 13 0 0
12789 -17 12 0 0
12789 -17 11 0 0
12789 -17 10 0 0
12789 -14 -6 0 0
12789 -14 -7 0 0
12789 -14 -8 0 0
12789 -14 -9 0 0
12789 -15 -6 0 0
12789 -15 -7 0 0
12789 -15 -8 0 0
12789 -15 -9 0 0
12789 -16 -6 0 0
12789 -16 -7 0 0
12789 -16 -8 0 0
12789 -16 -9 0 0
12789 -17 -2 0 0
12789 -17 -3 0 0
12789 -17 -4 0 0
12789 -17 -5 0 0
22 -15 17 20 0
22 -16 17 20 0
22 -17 13 20 0
21 -17 17 20 0
21 -17 16 20 0
21 -17 15 20 0
21 -17 14 20 0
20 -17 9 20 0
21 -17 8 20 0
21 -17 7 20 0
21 -17 6 20 0
21 -17 5 20 0
21 -17 4 20 0
21 -17 3 20 0
21 -17 2 20 0
21 -17 1 20 0
21 -17 0 20 0
21 -17 -1 20 0
22 -17 -2 20 0
20 -17 -6 20 0
21 -17 -7 20 0
21 -17 -8 20 0
21 -17 -9 20 0
23 -17 -10 20 0
22 -16 -10 20 0
22 -15 -10 20 0
22 -14 -10 20 0
21 -14 -9 20 0
21 -14 -8 20 0
21 -14 -7 20 0
21 -14 -6 20 0
22 -13 -6 20 0
22 -12 -6 20 0
22 -11 -6 20 0
22 -10 -6 20 0
22 -9 -6 20 0
22 -8 -6 20 0
22 -7 -6 20 0
22 -6 -6 20 0
22 -5 -6 20 0
22 -4 -6 20 0
22 -3 -6 20 0
20 -2 -6 20 0
21 -2 -7 20 0
21 -2 -8 20 0
21 -2 -9 20 0
23 -2 -10 20 0
22 -1 -10 20 0
22 0 -10 20 0
22 1 -10 20 0
21 1 -9 20 0
21 1 -8 20 0
21 1 -6 20 0
21 1 -7 20 0
22 2 -6 20 0
22 3 -6 20 0
22 4 -6 20 0
21 4 -5 20 0
21 4 -4 20 0
21 4 -3 20 0
22 3 -2 20 0
22 2 -2 20 0
23 1 -2 20 0
21 1 -1 20 0
21 1 0 20 0
21 1 1 20 0
21 1 2 20 0
21 1 3 20 0
21 1 4 20 0
21 1 5 20 0
21 1 6 20 0
21 1 7 20 0
21 1 9 20 0
21 1 8 20 0
22 2 9 20 0
22 3 9 20 0
22 4 9 20 0
21 4 10 20 0
21 4 11 20 0
21 4 12 20 0
22 3 13 20 0
21 1 14 20 0
23 1 13 20 0
22 2 13 20 0
21 1 15 20 0
21 1 16 20 0
20 1 17 20 0
22 -1 17 20 0
22 0 17 20 0
21 -2 17 20 0
21 -2 16 20 0
21 -2 15 20 0
21 -2 14 20 0
22 -2 13 20 0
22 -3 13 20 0
22 -4 13 20 0
22 -5 13 20 0
22 -6 13 20 0
22 -7 13 20 0
22 -8 13 20 0
22 -9 13 20 0
22 -10 13 20 0
22 -11 13 20 0
22 -12 13 20 0
22 -13 13 20 0
23 -14 13 20 0
21 -14 14 20 0
21 -14 15 20 0
21 -14 16 20 0
20 -14 17 20 0
21 -14 28 20 0
21 -14 27 20 0
21 -14 26 20 0
21 -14 25 20 0
21 -14 24 20 0
21 -14 23 20 0
21 -14 22 20 0
21 -14 21 20 0
22 -14 20 20 0
22 -15 20 20 0
22 -16 20 20 0
23 -17 20 20 0
21 -17 21 20 0
21 -17 22 20 0
21 -17 23 20 0
20 -17 24 20 0
22 -17 -17 20 0
21 -17 -16 20 0
21 -17 -15 20 0
21 -17 -13 20 0
21 -17 -14 20 0
22 -16 -13 20 0
22 -15 -13 20 0
20 -14 -13 20 0
21 -14 -14 20 0
21 -14 -15 20 0
21 -14 -16 20 0
23 -14 -17 20 0
22 -13 -17 20 0
22 -12 -17 20 0
22 -11 -17 20 0
20 -10 -17 20 0
21 -10 -18 20 0
21 -10 -19 20 0
22 -10 -20 20 0
22 -11 -20 20 0
22 -12 -20 20 0
22 -13 -20 20 0
22 -14 -20 20 0
22 -15 -20 20 0
22 -17 -20 20 0
22 -16 -20 20 0
22 -17 -26 20 0
22 -16 -26 20 0
22 -15 -26 20 0
22 -14 -26 20 0
22 -13 -26 20 0
22 -12 -26 20 0
22 -11 -26 20 0
22 -10 -26 20 0
22 -9 -26 20 0
22 -8 -26 20 0
22 -7 -26 20 0
22 -6 -26 20 0
22 -5 -26 20 0
22 -4 -26 20 0
22 -3 -26 20 0
22 -2 -26 20 0
22 -1 -26 20 0
22 0 -26 20 0
22 1 -26 20 0
22 2 -26 20 0
21 2 -25 20 0
21 2 -24 20 0
21 2 -23 20 0
21 2 -22 20 0
21 2 -21 20 0
20 2 -20 20 0
22 1 -20 20 0
22 0 -20 20 0
22 -1 -20 20 0
22 -2 -20 20 0
22 -3 -20 20 0
22 -4 -20 20 0
22 -5 -20 20 0
23 -6 -20 20 0
21 -6 -19 20 0
21 -6 -18 20 0
21 -6 -17 20 0
22 -5 -17 20 0
22 -4 -17 20 0
22 -3 -17 20 0
22 -2 -17 20 0
21 -2 -16 20 0
21 -2 -15 20 0
21 -2 -14 20 0
21 -2 -13 20 0
22 -1 -13 20 0
22 0 -13 20 0
20 4 13 20 0
20 4 -2 20 0
20 1 -13 20 0
21 1 -14 20 0
21 1 -15 20 0
21 1 -16 20 0
23 1 -17 20 0
22 2 -17 20 0
22 3 -17 20 0
22 4 -17 20 0
22 5 -17 20 0
22 6 -17 20 0
22 7 -17 20 0
22 8 -17 20 0
22 9 -17 20 0
22 10 -17 20 0
22 11 -17 20 0
21 11 -16 20 0
21 11 -15 20 0
21 11 -14 20 0
21 11 -12 20 0
21 11 -13 20 0
21 11 -11 20 0
21 11 -10 20 0
21 11 -9 20 0
21 11 -8 20 0
21 11 -7 20 0
20 11 -6 20 0
22 10 -6 20 0
22 9 -6 20 0
23 8 -6 20 0
21 8 -4 20 0
21 8 -5 20 0
21 8 -2 20 0
21 8 -3 20 0
22 9 -2 20 0
22 10 -2 20 0
22 11 -2 20 0
21 11 -1 20 0
21 11 0 20 0
21 11 2 20 0
21 11 1 20 0
21 11 3 20 0
21 11 4 20 0
21 11 5 20 0
21 11 6 20 0
21 11 7 20 0
21 11 8 20 0
20 11 9 20 0
22 10 9 20 0
22 9 9 20 0
23 8 9 20 0
21 8 10 20 0
21 8 11 20 0
21 8 12 20 0
21 8 13 20 0
22 9 13 20 0
22 11 13 20 0
22 10 13 20 0
21 11 14 20 0
21 11 15 20 0
21 11 16 20 0
21 11 17 20 0
22 12 17 20 0
20 13 17 20 0
21 13 16 20 0
21 13 15 20 0
21 13 14 20 0
23 13 13 20 0
22 14 13 20 0
22 15 13 20 0
22 16 13 20 0
22 17 13 20 0
22 18 13 20 0
22 19 13 20 0
22 20 13 20 0
22 21 13 20 0
22 22 13 20 0
22 23 13 20 0
21 23 14 20 0
21 23 15 20 0
21 23 16 20 0
21 23 17 20 0
21 23 18 20 0
21 23 19 20 0
21 23 20 20 0
21 23 21 20 0
21 23 22 20 0
21 23 23 20 0
20 23 24 20 0
22 22 24 20 0
22 21 24 20 0
22 20 24 20 0
22 19 24 20 0
22 18 24 20 0
22 17 24 20 0
22 16 24 20 0
22 15 24 20 0
22 14 24 20 0
21 13 24 20 0
21 13 23 20 0
21 13 22 20 0
21 13 21 20 0
22 13 20 20 0
22 12 20 20 0
23 11 20 20 0
21 11 21 20 0
21 11 22 20 0
21 11 23 20 0
20 11 24 20 0
22 10 24 20 0
22 9 24 20 0
22 8 24 20 0
22 7 24 20 0
22 6 24 20 0
22 5 24 20 0
22 4 24 20 0
22 3 24 20 0
22 2 24 20 0
21 1 24 20 0
21 1 23 20 0
21 1 22 20 0
21 1 21 20 0
22 1 20 20 0
22 0 20 20 0
22 -1 20 20 0
23 -2 20 20 0
21 -2 21 20 0
21 -2 22 20 0
21 -2 23 20 0
21 -2 24 20 0
21 -2 25 20 0
21 -2 26 20 0
21 -2 27 20 0
21 -2 28 20 0
1193 -17 -11 0 0
1193 -17 -12 0 0
1196 -16 -11 0 0
1196 -16 -21 0 0
1196 -16 -22 0 0
1196 -16 -23 0 0
1196 -16 -24 0 0
1195 -15 -21 0 0
1195 -15 -22 0 0
1195 -15 -23 0 0
1195 -15 -24 0 0
1194 -14 -21 0 0
1194 -14 -22 0 0
1194 -14 -23 0 0
1194 -14 -24 0 0
1195 -15 -11 0 0
1194 -14 -11 0 0
1193 -13 -10 0 0
1193 -13 -11 0 0
1193 -13 -21 0 0
1193 -13 -22 0 0
1193 -13 -23 0 0
1193 -13 -24 0 0
1196 -12 -7 0 0
1196 -12 -8 0 0
1196 -12 -9 0 0
1196 -12 -10 0 0
1196 -12 -11 0 0
1196 -12 -12 0 0
1196 -12 -13 0 0
1196 -12 -14 0 0
1196 -12 -15 0 0
1196 -12 -21 0 0
1196 -12 -22 0 0
1196 -12 -23 0 0
1196 -12 -24 0 0
1195 -11 -7 0 0
1195 -11 -8 0 0
1195 -11 -9 0 0
1195 -11 -10 0 0
1195 -11 -11 0 0
1195 -11 -12 0 0
1195 -11 -13 0 0
1195 -11 -14 0 0
1195 -11 -15 0 0
1195 -11 -21 0 0
1195 -11 -22 0 0
1195 -11 -23 0 0
1195 -11 -24 0 0
1194 -10 -7 0 0
1194 -10 -8 0 0
1194 -10 -9 0 0
1194 -10 -10 0 0
1194 -10 -11 0 0
1194 -10 -12 0 0
1194 -10 -13 0 0
1194 -10 -14 0 0
1194 -10 -15 0 0
1194 -10 -21 0 0
1194 -10 -22 0 0
1194 -10 -23 0 0
1194 -10 -24 0 0
1193 -9 -7 0 0
1193 -9 -8 0 0
1193 -9 -9 0 0
1193 -9 -10 0 0
1193 -9 -11 0 0
1193 -9 -12 0 0
1193 -9 -13 0 0
1193 -9 -14 0 0
1193 -9 -15 0 0
1193 -9 -20 0 0
1193 -9 -21 0 0
1193 -9 -22 0 0
1193 -9 -23 0 0
1193 -9 -24 0 0
1196 -8 -7 0 0
1196 -8 -8 0 0
1196 -8 -9 0 0
1196 -8 -10 0 0
1196 -8 -11 0 0
1196 -8 -12 0 0
1196 -8 -13 0 0
1196 -8 -14 0 0
1196 -8 -15 0 0
1196 -8 -16 0 0
1196 -8 -17 0 0
1196 -8 -18 0 0
1196 -8 -19 0 0
1196 -8 -20 0 0
1196 -8 -21 0 0
1196 -8 -22 0 0
1196 -8 -23 0 0
1196 -8 -24 0 0
1195 -7 -7 0 0
1195 -7 -8 0 0
1195 -7 -9 0 0
1195 -7 -10 0 0
1195 -7 -11 0 0
1195 -7 -12 0 0
1195 -7 -13 0 0
1195 -7 -14 0 0
1195 -7 -15 0 0
1195 -7 -16 0 0
1195 -7 -17 0 0
1195 -7 -18 0 0
1195 -7 -19 0 0
1195 -7 -20 0 0
1195 -7 -21 0 0
1195 -7 -22 0 0
1195 -7 -23 0 0
1195 -7 -24 0 0
1194 -6 -7 0 0
1194 -6 -8 0 0
1194 -6 -9 0 0
1194 -6 -10 0 0
1194 -6 -11 0 0
1194 -6 -12 0 0
1194 -6 -13 0 0
1194 -6 -14 0 0
1194 -6 -15 0 0
1194 -6 -16 0 0
1194 -6 -21 0 0
1194 -6 -22 0 0
1194 -6 -23 0 0
1194 -6 -24 0 0
1193 -5 -21 0 0
1193 -5 -22 0 0
1193 -5 -23 0 0
1193 -5 -24 0 0
1193 -5 -7 0 0
1193 -5 -8 0 0
1193 -5 -9 0 0
1193 -5 -10 0 0
1193 -5 -11 0 0
1193 -5 -12 0 0
1193 -5 -13 0 0
1193 -5 -14 0 0
1193 -5 -15 0 0
1196 -4 -21 0 0
1196 -4 -22 0 0
1196 -4 -23 0 0
1196 -4 -24 0 0
1196 -4 -7 0 0
1196 -4 -8 0 0
1196 -4 -9 0 0
1196 -4 -10 0 0
1196 -4 -11 0 0
1196 -4 -12 0 0
1196 -4 -13 0 0
1196 -4 -14 0 0
1196 -4 -15 0 0
1195 -3 -7 0 0
1195 -3 -8 0 0
1195 -3 -9 0 0
1195 -3 -10 0 0
1195 -3 -11 0 0
1195 -3 -12 0 0
1195 -3 -13 0 0
1195 -3 -14 0 0
1195 -3 -15 0 0
1195 -3 -21 0 0
1195 -3 -22 0 0
1195 -3 -23 0 0
1195 -3 -24 0 0
1194 -2 -11 0 0
1194 -2 -12 0 0
1194 -2 -21 0 0
1194 -2 -22 0 0
1194 -2 -23 0 0
1194 -2 -24 0 0
1193 -1 -21 0 0
1193 -1 -22 0 0
1193 -1 -23 0 0
1193 -1 -24 0 0
1193 -1 -11 0 0
1196 0 -21 0 0
1196 0 -22 0 0
1196 0 -23 0 0
1196 0 -24 0 0
1196 0 -11 0 0
1195 1 -21 0 0
1195 1 -22 0 0
1195 1 -23 0 0
1195 1 -24 0 0
1195 1 -11 0 0
1194 2 -10 0 0
1194 2 -11 0 0
1193 3 8 0 0
1193 3 7 0 0
1193 3 6 0 0
1193 3 5 0 0
1193 3 4 0 0
1193 3 3 0 0
1193 3 2 0 0
1193 3 1 0 0
1193 3 0 0 0
1193 3 -7 0 0
1193 3 -8 0 0
1193 3 -9 0 0
1193 3 -10 0 0
1193 3 -11 0 0
1193 3 -12 0 0
1193 3 -13 0 0
1193 3 -14 0 0
1193 3 -15 0 0
1196 4 -7 0 0
1196 4 -8 0 0
1196 4 -9 0 0
1196 4 -10 0 0
1196 4 -11 0 0
1196 4 -12 0 0
1196 4 -13 0 0
1196 4 -14 0 0
1196 4 -15 0 0
1196 4 8 0 0
1196 4 7 0 0
1196 4 6 0 0
1196 4 5 0 0
1196 4 4 0 0
1196 4 3 0 0
1196 4 2 0 0
1196 4 1 0 0
1196 4 0 0 0
1195 5 -6 0 0
1195 5 -7 0 0
1195 5 -8 0 0
1195 5 -9 0 0
1195 5 -10 0 0
1195 5 -11 0 0
1195 5 -12 0 0
1195 5 -13 0 0
1195 5 -14 0 0
1195 5 -15 0 0
1195 5 9 0 0
1195 5 8 0 0
1195 5 7 0 0
1195 5 6 0 0
1195 5 5 0 0
1195 5 4 0 0
1195 5 3 0 0
1195 5 2 0 0
1195 5 1 0 0
1195 5 0 0 0
1194 10 -7 0 0
1194 10 -8 0 0
1194 10 -9 0 0
1194 10 -10 0 0
1194 10 -11 0 0
1194 10 -12 0 0
1194 10 -13 0 0
1194 10 -14 0 0
1194 10 -15 0 0
1194 10 8 0 0
1194 10 7 0 0
1194 10 6 0 0
1194 10 5 0 0
1194 10 4 0 0
1194 10 3 0 0
1194 10 2 0 0
1194 10 1 0 0
1194 10 0 0 0
1194 22 23 0 0
1194 22 22 0 0
1194 22 21 0 0
1194 22 20 0 0
1194 22 19 0 0
1194 22 18 0 0
1194 22 17 0 0
1194 22 16 0 0
1194 22 15 0 0
1195 21 23 0 0
1195 21 22 0 0
1195 21 21 0 0
1195 21 20 0 0
1195 21 19 0 0
1195 21 18 0 0
1195 21 17 0 0
1195 21 16 0 0
1195 21 15 0 0
1196 20 23 0 0
1196 20 22 0 0
1196 20 21 0 0
1196 20 20 0 0
1196 20 19 0 0
1196 20 18 0 0
1196 20 17 0 0
1196 20 16 0 0
1196 20 15 0 0
1193 19 23 0 0
1193 19 22 0 0
1193 19 21 0 0
1193 19 20 0 0
1193 19 19 0 0
1193 19 18 0 0
1193 19 17 0 0
1193 19 16 0 0
1193 19 15 0 0
1194 18 23 0 0
1194 18 22 0 0
1194 18 21 0 0
1194 18 20 0 0
1194 18 19 0 0
1194 18 18 0 0
1194 18 17 0 0
1194 18 16 0 0
1194 18 15 0 0
1195 17 23 0 0
1195 17 22 0 0
1195 17 21 0 0
1195 17 20 0 0
1195 17 19 0 0
1195 17 18 0 0
1195 17 17 0 0
1195 17 16 0 0
1195 17 15 0 0
1196 16 23 0 0
1196 16 22 0 0
1196 16 21 0 0
1196 16 20 0 0
1196 16 19 0 0
1196 16 18 0 0
1196 16 17 0 0
1196 16 16 0 0
1196 16 15 0 0
1193 15 23 0 0
1193 15 22 0 0
1193 15 21 0 0
1193 15 20 0 0
1193 15 19 0 0
1193 15 18 0 0
1193 15 17 0 0
1193 15 16 0 0
1193 15 15 0 0
1194 14 20 0 0
1194 14 19 0 0
1195 13 19 0 0
1196 12 19 0 0
1193 11 19 0 0
1193 11 18 0 0
1194 10 23 0 0
1194 10 22 0 0
1194 10 21 0 0
1194 10 20 0 0
1194 10 19 0 0
1194 10 18 0 0
1194 10 17 0 0
1194 10 16 0 0
1194 10 15 0 0
1195 9 -7 0 0
1195 9 -8 0 0
1195 9 -9 0 0
1195 9 -10 0 0
1195 9 -11 0 0
1195 9 -12 0 0
1195 9 -13 0 0
1195 9 -14 0 0
1195 9 -15 0 0
1195 9 8 0 0
1195 9 7 0 0
1195 9 6 0 0
1195 9 5 0 0
1195 9 4 0 0
1195 9 3 0 0
1195 9 2 0 0
1195 9 1 0 0
1195 9 0 0 0
1195 9 23 0 0
1195 9 22 0 0
1195 9 21 0 0
1195 9 20 0 0
1195 9 19 0 0
1195 9 18 0 0
1195 9 17 0 0
1195 9 16 0 0
1195 9 15 0 0
1196 8 -7 0 0
1196 8 -8 0 0
1196 8 -9 0 0
1196 8 -10 0 0
1196 8 -11 0 0
1196 8 -12 0 0
1196 8 -13 0 0
1196 8 -14 0 0
1196 8 -15 0 0
1196 8 8 0 0
1196 8 7 0 0
1196 8 6 0 0
1196 8 5 0 0
1196 8 4 0 0
1196 8 3 0 0
1196 8 2 0 0
1196 8 1 0 0
1196 8 0 0 0
1196 8 -1 0 0
1196 8 23 0 0
1196 8 22 0 0
1196 8 21 0 0
1196 8 20 0 0
1196 8 19 0 0
1196 8 18 0 0
1196 8 17 0 0
1196 8 16 0 0
1196 8 15 0 0
1196 8 14 0 0
1193 7 23 0 0
1193 7 22 0 0
1193 7 21 0 0
1193 7 20 0 0
1193 7 19 0 0
1193 7 18 0 0
1193 7 17 0 0
1193 7 16 0 0
1193 7 15 0 0
1193 7 14 0 0
1193 7 13 0 0
1193 7 12 0 0
1193 7 11 0 0
1193 7 10 0 0
1193 7 9 0 0
1193 7 8 0 0
1193 7 7 0 0
1193 7 6 0 0
1193 7 5 0 0
1193 7 4 0 0
1193 7 3 0 0
1193 7 2 0 0
1193 7 1 0 0
1193 7 0 0 0
1193 7 -1 0 0
1193 7 -2 0 0
1193 7 -3 0 0
1193 7 -4 0 0
1193 7 -5 0 0
1193 7 -6 0 0
1193 7 -7 0 0
1193 7 -8 0 0
1193 7 -9 0 0
1193 7 -10 0 0
1193 7 -11 0 0
1193 7 -12 0 0
1193 7 -13 0 0
1193 7 -14 0 0
1193 7 -15 0 0
1194 6 23 0 0
1194 6 22 0 0
1194 6 21 0 0
1194 6 20 0 0
1194 6 19 0 0
1194 6 18 0 0
1194 6 17 0 0
1194 6 16 0 0
1194 6 15 0 0
1194 6 14 0 0
1194 6 13 0 0
1194 6 12 0 0
1194 6 11 0 0
1194 6 10 0 0
1194 6 9 0 0
1194 6 8 0 0
1194 6 7 0 0
1194 6 6 0 0
1194 6 5 0 0
1194 6 4 0 0
1194 6 3 0 0
1194 6 2 0 0
1194 6 1 0 0
1194 6 0 0 0
1194 6 -1 0 0
1194 6 -2 0 0
1194 6 -3 0 0
1194 6 -4 0 0
1194 6 -5 0 0
1194 6 -6 0 0
1194 6 -7 0 0
1194 6 -8 0 0
1194 6 -9 0 0
1194 6 -10 0 0
1194 6 -11 0 0
1194 6 -12 0 0
1194 6 -13 0 0
1194 6 -14 0 0
1194 6 -15 0 0
1195 5 23 0 0
1195 5 22 0 0
1195 5 21 0 0
1195 5 20 0 0
1195 5 19 0 0
1195 5 18 0 0
1195 5 17 0 0
1195 5 16 0 0
1195 5 15 0 0
1196 4 23 0 0
1196 4 22 0 0
1196 4 21 0 0
1196 4 20 0 0
1196 4 19 0 0
1196 4 18 0 0
1196 4 17 0 0
1196 4 16 0 0
1196 4 15 0 0
1193 3 23 0 0
1193 3 22 0 0
1193 3 21 0 0
1193 3 20 0 0
1193 3 19 0 0
1193 3 18 0 0
1193 3 17 0 0
1193 3 16 0 0
1193 3 15 0 0
1194 2 20 0 0
1194 2 19 0 0
1193 -17 18 0 0
1193 -17 19 0 0
1198 -8 -6 0 0
1198 -7 -6 0 0
1200 1 -25 0 0
1200 0 -25 0 0
1200 -1 -25 0 0
1200 -2 -25 0 0
1200 -3 -25 0 0
1200 -4 -25 0 0
1200 -5 -25 0 0
1200 -6 -25 0 0
1200 -7 -25 0 0
1199 2 -22 0 0
1203 2 -25 0 0
1199 2 -24 0 0
1199 2 -23 0 0
1199 2 -21 0 0
1201 2 -20 0 0
1198 1 -20 0 0
1198 0 -20 0 0
1198 -1 -20 0 0
1198 -2 -20 0 0
1198 -3 -20 0 0
1198 -4 -20 0 0
1198 -5 -20 0 0
1190 -6 -20 0 0
1200 -8 -25 0 0
1200 -9 -25 0 0
1200 -10 -25 0 0
1200 -11 -25 0 0
1200 -12 -25 20 0
1200 -13 -25 0 0
1200 -14 -25 0 0
1200 -15 -25 20 0
1200 -16 -25 0 0
1197 -17 -24 0 0
1204 -17 -25 0 0
1197 -17 -23 0 0
1197 -17 -22 0 0
1197 -17 -21 0 0
1198 -16 -20 0 0
1202 -17 -20 0 0
1198 -15 -20 0 0
1198 -14 -20 0 0
1198 -13 -20 0 0
1198 -12 -20 0 0
1198 -11 -20 0 0
1198 -10 -20 0 0
1189 -9 -16 0 0
1197 -9 -19 0 0
1199 -6 -19 0 0
1197 -9 -18 0 0
1199 -6 -18 0 0
1199 -6 -17 0 0
1197 -9 -17 0 0
1190 -2 -10 0 0
1189 -13 -12 0 0
1200 -3 -16 0 0
1200 -4 -16 0 0
1200 -5 -16 0 0
1203 -2 -16 0 0
1199 -2 -15 0 0
1199 -2 -14 0 0
1199 -2 -13 0 0
1200 -10 -16 0 0
1200 -11 -16 0 0
1200 -12 -16 0 0
1204 -13 -16 0 0
1197 -13 -15 0 0
1197 -13 -14 0 0
1197 -13 -13 0 0
1198 -5 -6 0 0
1198 -4 -6 0 0
1198 -3 -6 0 0
1198 -6 -6 0 0
1198 -9 -6 0 0
1198 -10 -6 0 0
1198 -11 -6 0 0
1201 -2 -6 20 0
1199 -2 -7 0 0
1199 -2 -8 0 0
1199 -2 -9 0 0
1198 -12 -6 0 0
1202 -13 -6 0 0
1197 -13 -7 0 0
1197 -13 -8 0 0
1197 -13 -9 0 0
1198 -14 -10 0 0
1198 -15 -10 0 0
1200 -14 -12 0 0
1200 -15 -12 0 0
1198 -16 -10 0 0
1200 -16 -12 0 0
1190 -17 -10 0 0
1199 -17 -9 0 0
1199 -17 -13 0 0
1199 -17 -14 0 0
1199 -17 -15 0 0
1199 -17 -8 0 0
1199 -17 -7 0 0
1203 -17 -16 0 0
1197 -13 28 0 0
1197 -13 27 0 0
1197 -13 26 0 0
1197 -13 25 0 0
1197 -13 24 0 0
1197 -13 23 0 0
1197 -13 22 0 0
1197 -13 21 0 0
1197 -13 17 0 0
1197 -13 16 0 0
1197 -13 15 0 0
1204 -13 14 0 0
1199 -2 28 0 0
1199 -2 27 0 0
1199 -2 26 0 0
1199 -2 25 0 0
1199 -2 24 0 0
1199 -2 23 0 0
1199 -2 22 0 0
1199 -2 17 0 0
1199 -2 16 0 0
1199 -2 15 0 0
1203 -2 14 20 0
1200 -3 14 0 0
1200 -4 14 0 0
1200 -5 14 0 0
1200 -6 14 0 0
1200 -7 14 0 0
1200 -8 14 0 0
1200 -9 14 0 0
1200 -10 14 0 0
1200 -11 14 0 0
1200 -12 14 0 0
1200 -1 18 0 0
1196 -12 28 0 0
1196 -12 27 0 0
1196 -12 26 0 0
1196 -12 25 0 0
1196 -12 24 0 0
1196 -12 23 0 0
1196 -12 22 0 0
1196 -12 21 0 0
1196 -12 20 0 0
1196 -12 19 0 0
1196 -12 18 0 0
1196 -12 15 0 0
1196 -12 16 0 0
1196 -12 17 0 0
1195 -11 28 0 0
1195 -11 27 0 0
1195 -11 26 0 0
1195 -11 25 0 0
1195 -11 24 0 0
1195 -11 23 0 0
1195 -11 22 0 0
1195 -11 21 0 0
1195 -11 20 0 0
1195 -11 19 0 0
1195 -11 15 0 0
1195 -11 16 0 0
1195 -11 17 0 0
1195 -11 18 0 0
1194 -10 28 0 0
1194 -10 27 0 0
1194 -10 26 0 0
1194 -10 25 0 0
1194 -10 24 0 0
1194 -10 23 0 0
1194 -10 22 0 0
1194 -10 21 0 0
1194 -10 20 0 0
1194 -10 19 0 0
1194 -10 18 0 0
1194 -10 17 0 0
1194 -10 16 0 0
1194 -10 15 0 0
1193 -9 28 0 0
1193 -9 27 0 0
1193 -9 26 0 0
1193 -9 25 0 0
1193 -9 24 0 0
1193 -9 23 0 0
1193 -9 22 0 0
1193 -9 21 0 0
1193 -9 20 0 0
1193 -9 19 0 0
1193 -9 18 0 0
1193 -9 17 0 0
1193 -9 15 0 0
1193 -9 16 0 0
1196 -8 15 0 0
1196 -8 16 0 0
1196 -8 17 0 0
1196 -8 18 0 0
1196 -8 19 0 0
1196 -8 20 0 0
1196 -8 21 0 0
1196 -8 22 0 0
1196 -8 23 0 0
1196 -8 24 0 0
1196 -8 25 0 0
1196 -8 26 0 0
1196 -8 27 0 0
1196 -8 28 0 0
1195 -7 27 0 0
1195 -7 28 0 0
1195 -7 26 0 0
1195 -7 25 0 0
1195 -7 24 0 0
1195 -7 23 0 0
1195 -7 22 0 0
1195 -7 21 0 0
1195 -7 20 0 0
1195 -7 19 0 0
1195 -7 18 0 0
1195 -7 17 0 0
1195 -7 15 0 0
1195 -7 16 0 0
1194 -6 28 0 0
1194 -6 27 0 0
1194 -6 26 0 0
1194 -6 25 0 0
1194 -6 24 0 0
1194 -6 23 0 0
1194 -6 22 0 0
1194 -6 21 0 0
1194 -6 20 0 0
1194 -6 19 0 0
1194 -6 18 0 0
1194 -6 17 0 0
1194 -6 15 0 0
1194 -6 16 0 0
1193 -5 15 0 0
1193 -5 16 0 0
1193 -5 17 0 0
1193 -5 18 0 0
1193 -5 19 0 0
1193 -5 20 0 0
1193 -5 21 0 0
1193 -5 22 0 0
1193 -5 23 0 0
1193 -5 24 0 0
1193 -5 25 0 0
1193 -5 26 0 0
1193 -5 27 0 0
1193 -5 28 0 0
1196 -4 28 0 0
1196 -4 27 0 0
1196 -4 26 0 0
1196 -4 25 0 0
1196 -4 24 0 0
1196 -4 23 0 0
1196 -4 22 0 0
1196 -4 21 0 0
1196 -4 20 0 0
1196 -4 19 0 0
1196 -4 18 0 0
1196 -4 15 0 0
1196 -4 16 0 0
1196 -4 17 0 0
1195 -3 15 0 0
1195 -3 16 0 0
1195 -3 17 0 0
1195 -3 18 0 0
1195 -3 19 0 0
1195 -3 20 0 0
1195 -3 21 0 0
1195 -3 22 0 0
1195 -3 23 0 0
1195 -3 24 0 0
1195 -3 25 0 0
1195 -3 26 0 0
1195 -3 27 0 0
1195 -3 28 0 0
1200 0 18 0 0
1190 -2 20 0 0
1198 -1 20 0 0
1198 0 20 0 0
1199 -2 21 0 0
1194 -2 19 0 0
1194 -2 18 0 0
1193 -1 19 0 0
1196 0 19 0 0
1198 1 20 0 0
1200 1 18 0 0
1195 1 19 0 0
1197 2 21 0 0
1197 2 17 0 0
1189 -13 18 0 0
1198 -14 20 0 0
1198 -15 20 0 0
1198 -16 20 0 0
1200 -14 18 0 0
1200 -15 18 0 0
1200 -16 18 0 0
1193 -13 19 0 0
1194 -14 19 0 0
1196 -16 19 0 0
1195 -15 19 0 0
1193 -13 20 0 0
1189 2 18 0 0
1190 -17 20 0 0
1199 -17 21 0 0
1199 -17 17 0 0
1199 -17 16 0 0
1199 -17 15 0 0
1203 -17 14 0 0
1199 -17 22 0 0
1199 -17 23 0 0
1201 -17 24 0 0
1202 2 24 0 0
1197 2 23 0 0
1197 2 22 0 0
1197 2 16 0 0
1197 2 15 0 0
1204 2 14 0 0
1201 11 24 0 0
1198 3 24 0 0
1198 10 24 0 0
1198 4 24 0 0
1198 5 24 0 0
1198 6 24 0 0
1198 9 24 0 0
1198 8 24 0 0
1198 7 24 0 0
1200 3 14 0 0
1200 4 14 0 0
1200 9 14 0 0
1200 10 14 0 0
1203 11 14 0 0
1199 11 15 0 0
1199 11 16 0 0
1199 11 17 0 0
1199 11 23 0 0
1199 11 22 0 0
1199 11 21 0 0
1190 11 20 0 0
1200 12 18 0 0
1200 13 18 0 0
1198 12 20 0 0
1198 13 20 0 0
1189 14 18 0 0
1197 14 22 0 0
1197 14 23 0 0
1202 14 24 0 0
1197 14 21 0 0
1197 14 17 0 0
1197 14 16 0 0
1197 14 15 0 0
1204 14 14 0 0
1198 15 24 0 0
1201 23 24 0 0
1198 16 24 0 0
1198 17 24 0 0
1198 18 24 0 0
1198 19 24 0 0
1198 22 24 0 0
1198 21 24 0 0
1198 20 24 0 0
1199 23 23 0 0
1199 23 22 0 0
1199 23 21 0 0
1199 23 20 0 0
1199 23 19 0 0
1199 23 18 0 0
1203 23 14 0 0
1199 23 15 0 0
1199 23 17 0 0
1199 23 16 0 0
1200 15 14 0 0
1200 16 14 0 0
1200 17 14 0 0
1200 18 14 0 0
1200 19 14 0 0
1200 20 14 0 0
1200 21 14 0 0
1200 22 14 0 0
1197 5 13 0 0
1197 5 12 0 0
1199 8 13 0 0
1199 8 12 0 0
1197 5 11 0 0
1199 8 11 0 0
1197 5 10 0 0
1199 8 10 0 0
1198 4 9 0 0
1198 3 9 0 0
1202 2 9 20 0
1198 9 9 0 0
1198 10 9 0 0
1201 11 9 0 0
1197 2 8 0 0
1197 2 7 0 0
1197 2 6 0 0
1197 2 5 0 0
1197 2 4 0 0
1197 2 3 0 0
1197 2 2 0 0
1197 2 1 0 0
1197 2 0 0 0
1199 11 8 0 0
1199 11 7 0 0
1199 11 6 0 0
1199 11 5 0 0
1199 11 4 0 0
1199 11 3 0 0
1199 11 2 0 0
1203 11 -1 0 0
1199 11 1 0 0
1199 11 0 0 0
1200 3 -1 0 0
1200 4 -1 0 0
1200 10 -1 0 0
1200 9 -1 0 0
1190 8 9 0 0
1189 5 14 0 0
1189 5 -1 0 0
1197 5 -2 0 0
1197 5 -3 0 0
1204 2 -1 0 0
1197 5 -4 0 0
1197 5 -5 0 0
1199 8 -2 0 0
1199 8 -3 0 0
1199 8 -4 0 0
1199 8 -5 0 0
1198 4 -6 0 0
1198 3 -6 0 0
1202 2 -6 0 0
1198 9 -6 0 0
1198 10 -6 0 0
1201 11 -6 0 0
1197 2 -7 0 0
1197 2 -8 0 0
1204 2 -16 0 0
1197 2 -9 0 0
1197 2 -13 0 0
1197 2 -14 0 0
1197 2 -15 0 0
1200 3 -16 0 0
1200 4 -16 0 0
1203 11 -16 0 0
1200 10 -16 0 0
1200 9 -16 0 0
1200 8 -16 0 0
1200 7 -16 0 0
1200 6 -16 0 0
1200 5 -16 0 0
1199 11 -15 0 0
1199 11 -14 0 0
1199 11 -13 0 0
1199 11 -12 0 0
1199 11 -11 0 0
1199 11 -10 0 0
1199 11 -9 0 0
1199 11 -8 0 0
1199 11 -7 0 0
1189 2 -12 0 0
1198 1 -10 0 0
1198 0 -10 0 0
1200 1 -12 0 0
1200 0 -12 0 0
1200 -1 -12 0 0
1198 -1 -10 0 0
1201 -17 9 0 0
1199 -17 8 0 0
1199 -17 7 0 0
1199 -17 6 0 0
1199 -17 5 0 0
1199 -17 4 0 0
1199 -17 3 0 0
1199 -17 2 0 0
1199 -17 1 0 0
1203 -17 -1 20 0
1199 -17 0 0 0
1201 -17 -6 0 0
3484 -1 11 1 0
3486 -1 11 2 0
3486 -1 -3 2 0
3484 -1 -3 1 0
3482 -15 11 1 0
3482 -15 -4 1 0
1713 -39 19 0 0
15 -27 4 0 0
15 -27 -11 0 0
7 -18 13 0 0
7 -19 13 0 0
13 -20 13 0 0
8 -20 12 0 0
8 -20 11 0 0
8 -20 10 0 0
7 -18 9 0 0
7 -19 9 0 0
9 -20 9 0 0
7 -18 -2 0 0
7 -19 -2 0 0
13 -20 -2 0 0
8 -20 -3 0 0
8 -20 -4 0 0
8 -20 -5 0 0
7 -18 -6 0 0
7 -19 -6 0 0
9 -20 -6 0 0
7 -18 24 0 0
7 -19 24 0 0
7 -20 24 0 0
7 -21 24 0 0
7 -22 24 0 0
7 -23 24 0 0
7 -24 24 0 0
7 -25 24 0 0
7 -26 24 0 0
13 -27 24 0 0
8 -27 23 0 0
8 -27 22 0 0
8 -27 21 0 0
12 -27 20 0 0
7 -28 20 0 0
9 -29 20 0 0
8 -29 21 0 0
8 -29 22 0 0
8 -29 23 0 0
6 -29 24 0 0
7 -30 24 0 0
7 -31 24 0 0
7 -32 24 0 0
7 -33 24 0 0
7 -35 24 0 0
7 -34 24 0 0
7 -36 24 0 0
7 -37 24 0 0
7 -38 24 0 0
13 -39 24 0 0
8 -39 23 0 0
8 -39 22 0 0
8 -39 21 0 0
8 -39 20 0 0
8 -39 18 0 0
8 -39 17 0 0
8 -39 16 0 0
8 -39 15 0 0
8 -39 14 0 0
9 -39 13 0 0
7 -38 13 0 0
7 -37 13 0 0
7 -36 13 0 0
7 -35 13 0 0
7 -34 13 0 0
7 -33 13 0 0
7 -32 13 0 0
7 -31 13 0 0
6 -27 17 0 0
8 -29 15 0 0
7 -30 13 0 0
8 -29 14 0 0
12 -29 13 0 0
8 -29 16 0 0
7 -28 17 0 0
13 -29 17 0 0
8 -27 16 0 0
8 -27 15 0 0
8 -27 14 0 0
9 -27 13 0 0
7 -26 13 0 0
7 -25 13 0 0
6 -24 13 0 0
8 -24 12 0 0
8 -24 11 0 0
8 -24 10 0 0
12 -24 9 0 0
7 -25 9 0 0
7 -26 9 0 0
13 -27 9 0 0
8 -27 8 0 0
8 -27 7 0 0
8 -27 6 0 0
8 -27 5 0 0
8 -27 3 0 0
8 -27 2 0 0
8 -27 1 0 0
8 -27 -1 0 0
8 -27 0 0 0
9 -27 -2 0 0
7 -26 -2 0 0
7 -25 -2 0 0
6 -24 -2 0 0
8 -24 -3 0 0
8 -24 -4 0 0
8 -24 -5 0 0
12 -24 -6 0 0
7 -25 -6 0 0
7 -26 -6 0 0
13 -27 -6 0 0
8 -27 -7 0 0
8 -27 -8 0 0
8 -27 -9 0 0
8 -27 -10 0 0
8 -27 -12 0 0
8 -27 -13 0 0
8 -27 -14 0 0
8 -27 -15 0 0
8 -27 -16 0 0
9 -27 -17 0 0
7 -26 -17 0 0
7 -25 -17 0 0
7 -24 -17 0 0
7 -23 -17 0 0
7 -22 -17 0 0
7 -21 -17 0 0
7 -20 -17 0 0
7 -19 -17 0 0
7 -18 -17 0 0
13 -18 -20 0 0
8 -18 -21 0 0
8 -18 -22 0 0
8 -18 -23 0 0
8 -18 -24 0 0
8 -18 -25 0 0
9 -18 -26 0 0
1195 -18 -7 20 0
1195 -18 -8 20 0
1195 -18 -9 20 0
1195 -18 -10 20 0
1195 -18 -11 20 0
1195 -18 -12 20 0
1195 -18 -13 20 0
1195 -18 -14 20 0
1195 -18 -15 20 0
1195 -18 8 20 0
1195 -18 7 20 0
1195 -18 6 20 0
1195 -18 5 20 0
1195 -18 4 20 0
1195 -18 3 20 0
1195 -18 2 20 0
1195 -18 1 20 0
1195 -18 0 20 0
1194 -18 23 20 0
1194 -18 22 20 0
1194 -18 21 20 0
1194 -18 20 20 0
1194 -18 19 20 0
1194 -18 18 20 0
1194 -18 17 20 0
1194 -18 16 20 0
1194 -18 15 20 0
1196 -19 -7 20 0
1196 -19 -8 20 0
1196 -19 -9 20 0
1196 -19 -10 20 0
1196 -19 -11 20 0
1196 -19 -12 20 0
1196 -19 -13 20 0
1196 -19 -14 20 0
1196 -19 -15 20 0
1196 -19 8 20 0
1196 -19 7 20 0
1196 -19 6 20 0
1196 -19 5 20 0
1196 -19 4 20 0
1196 -19 3 20 0
1196 -19 2 20 0
1196 -19 1 20 0
1196 -19 0 20 0
1195 -19 23 20 0
1195 -19 22 20 0
1195 -19 21 20 0
1195 -19 20 20 0
1195 -19 19 20 0
1195 -19 18 20 0
1195 -19 17 20 0
1195 -19 16 20 0
1195 -19 15 20 0
1196 -20 23 20 0
1196 -20 22 20 0
1196 -20 21 20 0
1196 -20 20 20 0
1196 -20 19 20 0
1196 -20 18 20 0
1196 -20 17 20 0
1196 -20 16 20 0
1196 -20 15 20 0
1196 -20 14 20 0
1193 -20 8 20 0
1193 -20 7 20 0
1193 -20 6 20 0
1193 -20 5 20 0
1193 -20 4 20 0
1193 -20 3 20 0
1193 -20 2 20 0
1193 -20 1 20 0
1193 -20 0 20 0
1193 -20 -1 20 0
1193 -20 -7 20 0
1193 -20 -8 20 0
1193 -20 -9 20 0
1193 -20 -10 20 0
1193 -20 -11 20 0
1193 -20 -12 20 0
1193 -20 -13 20 0
1193 -20 -14 20 0
1193 -20 -15 20 0
1193 -20 -1 0 0
1194 -21 23 20 0
1194 -21 22 20 0
1194 -21 21 20 0
1194 -21 20 20 0
1194 -21 19 20 0
1194 -21 18 20 0
1194 -21 17 20 0
1194 -21 16 20 0
1194 -21 15 20 0
1194 -21 14 20 0
1194 -21 13 20 0
1194 -21 12 20 0
1194 -21 11 20 0
1194 -21 10 20 0
1194 -21 9 20 0
1194 -21 8 20 0
1194 -21 7 20 0
1194 -21 6 20 0
1194 -21 5 20 0
1194 -21 4 20 0
1194 -21 3 20 0
1194 -21 2 20 0
1194 -21 1 20 0
1194 -21 0 20 0
1194 -21 -1 20 0
1194 -21 -2 20 0
1194 -21 -3 20 0
1194 -21 -4 20 0
1194 -21 -5 20 0
1194 -21 -6 20 0
1194 -21 -7 20 0
1194 -21 -8 20 0
1194 -21 -9 20 0
1194 -21 -10 20 0
1194 -21 -11 20 0
1194 -21 -12 20 0
1194 -21 -13 20 0
1194 -21 -14 20 0
1194 -21 -15 20 0
1195 -22 23 20 0
1195 -22 22 20 0
1195 -22 21 20 0
1195 -22 20 20 0
1195 -22 19 20 0
1195 -22 18 20 0
1195 -22 17 20 0
1195 -22 16 20 0
1195 -22 15 20 0
1195 -22 14 20 0
1195 -22 13 20 0
1195 -22 12 20 0
1195 -22 11 20 0
1195 -22 10 20 0
1195 -22 9 20 0
1195 -22 8 20 0
1195 -22 7 20 0
1195 -22 6 20 0
1195 -22 5 20 0
1195 -22 4 20 0
1195 -22 3 20 0
1195 -22 2 20 0
1195 -22 1 20 0
1195 -22 0 20 0
1195 -22 -1 20 0
1195 -22 -2 20 0
1195 -22 -3 20 0
1195 -22 -4 20 0
1195 -22 -5 20 0
1195 -22 -6 20 0
1195 -22 -7 20 0
1195 -22 -8 20 0
1195 -22 -9 20 0
1195 -22 -10 20 0
1195 -22 -11 20 0
1195 -22 -12 20 0
1195 -22 -13 20 0
1195 -22 -14 20 0
1195 -22 -15 20 0
1196 -23 -6 20 0
1196 -23 -7 20 0
1196 -23 -8 20 0
1196 -23 -9 20 0
1196 -23 -10 20 0
1196 -23 -11 20 0
1196 -23 -12 20 0
1196 -23 -13 20 0
1196 -23 -14 20 0
1196 -23 -15 20 0
1196 -23 9 20 0
1196 -23 8 20 0
1196 -23 7 20 0
1196 -23 6 20 0
1196 -23 5 20 0
1196 -23 4 20 0
1196 -23 3 20 0
1196 -23 2 20 0
1196 -23 1 20 0
1196 -23 0 20 0
1193 -23 23 20 0
1193 -23 22 20 0
1193 -23 21 20 0
1193 -23 20 20 0
1193 -23 19 20 0
1193 -23 18 20 0
1193 -23 17 20 0
1193 -23 16 20 0
1193 -23 15 20 0
1194 -24 23 20 0
1194 -24 22 20 0
1194 -24 21 20 0
1194 -24 20 20 0
1194 -24 19 20 0
1194 -24 18 20 0
1194 -24 17 20 0
1194 -24 16 20 0
1194 -24 15 20 0
1193 -24 8 20 0
1193 -24 7 20 0
1193 -24 6 20 0
1193 -24 5 20 0
1193 -24 4 20 0
1193 -24 3 20 0
1193 -24 2 20 0
1193 -24 1 20 0
1193 -24 0 20 0
1193 -24 -7 20 0
1193 -24 -8 20 0
1193 -24 -9 20 0
1193 -24 -10 20 0
1193 -24 -11 20 0
1193 -24 -12 20 0
1193 -24 -13 20 0
1193 -24 -14 20 0
1193 -24 -15 20 0
1195 -25 -7 20 0
1195 -25 -8 20 0
1195 -25 -9 20 0
1195 -25 -10 20 0
1195 -25 -11 20 0
1195 -25 -12 20 0
1195 -25 -13 20 0
1195 -25 -14 20 0
1195 -25 -15 20 0
1195 -25 8 20 0
1195 -25 7 20 0
1195 -25 6 20 0
1195 -25 5 20 0
1195 -25 4 20 0
1195 -25 3 20 0
1195 -25 2 20 0
1195 -25 1 20 0
1195 -25 0 20 0
1195 -25 23 20 0
1195 -25 22 20 0
1195 -25 21 20 0
1195 -25 20 20 0
1195 -25 19 20 0
1195 -25 18 20 0
1195 -25 17 20 0
1195 -25 16 20 0
1195 -25 15 20 0
1196 -26 20 20 0
1196 -26 19 20 0
1193 -27 19 20 0
1194 -28 19 20 0
1195 -29 19 20 0
1195 -29 18 20 0
1196 -30 23 20 0
1196 -30 22 20 0
1196 -30 21 20 0
1196 -30 20 20 0
1196 -30 19 20 0
1196 -30 18 20 0
1196 -30 17 20 0
1196 -30 16 20 0
1196 -30 15 20 0
1193 -31 23 20 0
1193 -31 22 20 0
1193 -31 21 20 0
1193 -31 20 20 0
1193 -31 19 20 0
1193 -31 18 20 0
1193 -31 17 20 0
1193 -31 16 20 0
1193 -31 15 20 0
1194 -32 23 20 0
1194 -32 22 20 0
1194 -32 21 20 0
1194 -32 20 20 0
1194 -32 19 20 0
1194 -32 18 20 0
1194 -32 17 20 0
1194 -32 16 20 0
1194 -32 15 20 0
1195 -33 23 20 0
1195 -33 22 20 0
1195 -33 21 20 0
1195 -33 20 20 0
1195 -33 19 20 0
1195 -33 18 20 0
1195 -33 17 20 0
1195 -33 16 20 0
1195 -33 15 20 0
1196 -34 23 20 0
1196 -34 22 20 0
1196 -34 21 20 0
1196 -34 20 20 0
1196 -34 19 20 0
1196 -34 18 20 0
1196 -34 17 20 0
1196 -34 16 20 0
1196 -34 15 20 0
1193 -35 23 20 0
1193 -35 22 20 0
1193 -35 21 20 0
1193 -35 20 20 0
1193 -35 19 20 0
1193 -35 18 20 0
1193 -35 17 20 0
1193 -35 16 20 0
1193 -35 15 20 0
1194 -36 23 20 0
1194 -36 22 20 0
1194 -36 21 20 0
1194 -36 20 20 0
1194 -36 19 20 0
1194 -36 18 20 0
1194 -36 17 20 0
1194 -36 16 20 0
1194 -36 15 20 0
1195 -37 23 20 0
1195 -37 22 20 0
1195 -37 21 20 0
1195 -37 20 20 0
1195 -37 19 20 0
1195 -37 18 20 0
1195 -37 17 20 0
1195 -37 16 20 0
1195 -37 15 20 0
1190 -20 -6 20 0
1189 -23 -1 20 0
1190 -20 9 0 0
1204 -26 -1 20 0
1202 -26 9 20 0
1189 -26 18 20 0
1190 -29 20 0 0
1198 -27 20 20 0
1198 -28 20 20 0
1200 -27 18 20 0
1200 -28 18 20 0
1203 -29 14 0 0
1204 -38 14 20 0
1201 -29 24 20 0
1202 -38 24 20 0
1202 -26 24 20 0
1204 -26 14 20 0
1189 -23 14 20 0
1200 -18 -1 20 0
1200 -19 -1 20 0
1200 -24 -1 20 0
1200 -25 -1 20 0
1200 -30 14 20 0
1200 -31 14 20 0
1200 -32 14 20 0
1200 -33 14 20 0
1200 -34 14 20 0
1200 -35 14 20 0
1200 -36 14 20 0
1200 -37 14 20 0
1200 -24 14 20 0
1200 -25 14 20 0
1200 -18 14 20 0
1200 -19 14 20 0
1197 -23 -2 20 0
1197 -23 -3 20 0
1197 -23 -4 20 0
1197 -23 -5 20 0
1197 -26 8 20 0
1197 -26 7 20 0
1197 -26 6 20 0
1197 -26 5 20 0
1197 -26 4 20 0
1197 -26 3 20 0
1197 -26 2 20 0
1197 -26 1 20 0
1197 -26 0 20 0
1197 -23 13 20 0
1197 -23 12 20 0
1197 -23 11 20 0
1197 -23 10 20 0
1197 -38 23 20 0
1197 -38 22 20 0
1197 -38 21 20 0
1197 -38 20 20 0
1197 -38 19 20 0
1197 -38 18 20 0
1197 -38 17 20 0
1197 -38 16 20 0
1197 -38 15 20 0
1197 -26 17 20 0
1197 -26 16 20 0
1197 -26 15 20 0
1197 -26 23 20 0
1197 -26 22 20 0
1197 -26 21 20 0
1199 -20 -2 20 0
1199 -20 -3 20 0
1199 -20 -4 20 0
1199 -20 -5 20 0
1199 -20 13 20 0
1199 -20 12 20 0
1199 -20 11 20 0
1199 -20 10 20 0
1199 -29 23 20 0
1199 -29 22 20 0
1199 -29 21 20 0
1199 -29 17 20 0
1199 -29 16 20 0
1199 -29 15 20 0
1198 -18 24 20 0
1198 -19 24 20 0
1198 -20 24 20 0
1198 -21 24 20 0
1198 -22 24 20 0
1198 -23 24 20 0
1198 -24 24 20 0
1198 -25 24 20 0
1198 -30 24 20 0
1198 -31 24 20 0
1198 -32 24 20 0
1198 -33 24 20 0
1198 -34 24 20 0
1198 -35 24 20 0
1198 -36 24 20 0
1198 -37 24 20 0
1198 -18 9 20 0
1198 -19 9 20 0
1198 -24 9 20 0
1198 -25 9 20 0
1198 -18 -6 20 0
1198 -19 -6 20 0
1198 -24 -6 20 0
1198 -25 -6 20 0
1200 -18 -16 20 0
1200 -19 -16 20 0
1200 -20 -16 20 0
1200 -21 -16 20 0
1200 -22 -16 20 0
1200 -23 -16 0 0
1200 -24 -16 0 0
1200 -25 -16 20 0
1202 -26 -6 20 0
1197 -26 -7 20 0
1197 -26 -8 20 0
1197 -26 -9 20 0
1197 -26 -10 20 0
1197 -26 -11 20 0
1197 -26 -12 20 0
1197 -26 -13 20 0
1197 -26 -14 20 0
1197 -26 -15 20 0
1204 -26 -16 20 0
12789 -18 13 0 0
12789 -18 12 0 0
12789 -18 11 0 0
12789 -18 10 0 0
12789 -19 13 0 0
12789 -19 12 0 0
12789 -19 11 0 0
12789 -19 10 0 0
12789 -18 -2 0 0
12789 -18 -3 0 0
12789 -18 -4 0 0
12789 -18 -5 0 0
12789 -19 -2 0 0
12789 -19 -3 0 0
12789 -19 -4 0 0
12789 -19 -5 0 0
22 -18 13 20 0
22 -19 13 20 0
21 -20 13 20 0
21 -20 12 20 0
21 -20 11 20 0
21 -20 10 20 0
23 -20 9 20 0
22 -19 9 20 0
22 -18 9 20 0
22 -18 -2 20 0
22 -19 -2 20 0
21 -20 -2 20 0
21 -20 -3 20 0
21 -20 -4 20 0
21 -20 -5 20 0
23 -20 -6 20 0
22 -19 -6 20 0
22 -18 -6 20 0
22 -18 24 20 0
22 -19 24 20 0
22 -20 24 20 0
22 -21 24 20 0
22 -22 24 20 0
22 -23 24 20 0
22 -24 24 20 0
22 -25 24 20 0
22 -26 24 20 0
21 -27 24 20 0
21 -27 23 20 0
21 -27 22 20 0
21 -27 21 20 0
22 -27 20 20 0
22 -28 20 20 0
23 -29 20 20 0
21 -29 21 20 0
21 -29 22 20 0
21 -29 23 20 0
20 -29 24 20 0
22 -30 24 20 0
22 -31 24 20 0
22 -32 24 20 0
22 -33 24 20 0
22 -34 24 20 0
22 -35 24 20 0
22 -36 24 20 0
22 -37 24 20 0
22 -38 24 20 0
21 -39 24 20 0
21 -39 23 20 0
21 -39 22 20 0
21 -39 21 20 0
21 -39 20 20 0
21 -39 19 20 0
21 -39 18 20 0
21 -39 17 20 0
21 -39 16 20 0
21 -39 15 20 0
21 -39 14 20 0
23 -39 13 20 0
22 -38 13 20 0
22 -37 13 20 0
22 -36 13 20 0
22 -35 13 20 0
22 -34 13 20 0
22 -33 13 20 0
22 -32 13 20 0
22 -31 13 20 0
22 -30 13 20 0
22 -29 13 20 0
21 -29 14 20 0
21 -29 15 20 0
21 -29 16 20 0
21 -29 17 20 0
22 -28 17 20 0
20 -27 17 20 0
21 -27 16 20 0
21 -27 15 20 0
21 -27 14 20 0
23 -27 13 20 0
22 -26 13 20 0
22 -25 13 20 0
20 -24 13 20 0
21 -24 12 20 0
21 -24 11 20 0
21 -24 10 20 0
22 -24 9 20 0
22 -25 9 20 0
22 -26 9 20 0
21 -27 9 20 0
21 -27 8 20 0
21 -27 7 20 0
21 -27 6 20 0
21 -27 5 20 0
21 -27 4 20 0
21 -27 3 20 0
21 -27 2 20 0
21 -27 1 20 0
21 -27 0 20 0
21 -27 -1 20 0
23 -27 -2 20 0
22 -26 -2 20 0
22 -25 -2 20 0
20 -24 -2 20 0
21 -24 -3 20 0
21 -24 -4 20 0
21 -24 -5 20 0
22 -24 -6 20 0
22 -25 -6 20 0
22 -26 -6 20 0
21 -27 -6 20 0
21 -27 -7 20 0
21 -27 -8 20 0
21 -27 -9 20 0
21 -27 -10 20 0
21 -27 -11 20 0
21 -27 -12 20 0
21 -27 -13 20 0
21 -27 -14 20 0
21 -27 -15 20 0
21 -27 -16 20 0
23 -27 -17 20 0
22 -26 -17 20 0
22 -25 -17 20 0
22 -24 -17 20 0
22 -23 -17 20 0
22 -22 -17 20 0
22 -21 -17 20 0
22 -20 -17 20 0
22 -19 -17 20 0
22 -18 -17 20 0
21 -18 -20 20 0
21 -18 -21 20 0
21 -18 -22 20 0
21 -18 -23 20 0
21 -18 -24 20 0
21 -18 -25 20 0
23 -18 -26 20 0
1194 -25 -7 0 0
1194 -25 -8 0 0
1194 -25 -9 0 0
1194 -25 -10 0 0
1194 -25 -11 0 0
1194 -25 -12 0 0
1194 -25 -13 0 0
1194 -25 -14 0 0
1194 -25 -15 0 0
1193 -24 -7 0 0
1193 -24 -8 0 0
1193 -24 -9 0 0
1193 -24 -10 0 0
1193 -24 -11 0 0
1193 -24 -12 0 0
1193 -24 -13 0 0
1193 -24 -14 0 0
1193 -24 -15 0 0
1196 -23 -6 0 0
1196 -23 -7 0 0
1196 -23 -8 0 0
1196 -23 -9 0 0
1196 -23 -10 0 0
1196 -23 -11 0 0
1196 -23 -12 0 0
1196 -23 -13 0 0
1196 -23 -14 0 0
1196 -23 -15 0 0
1193 -20 -7 0 0
1193 -20 -8 0 0
1193 -20 -9 0 0
1193 -20 -10 0 0
1193 -20 -11 0 0
1193 -20 -12 0 0
1193 -20 -13 0 0
1193 -20 -14 0 0
1193 -20 -15 0 0
1196 -19 -7 0 0
1196 -19 -8 0 0
1196 -19 -9 0 0
1196 -19 -10 0 0
1196 -19 -11 0 0
1196 -19 -12 0 0
1196 -19 -13 0 0
1196 -19 -14 0 0
1196 -19 -15 0 0
1195 -18 -7 0 0
1195 -18 -8 0 0
1195 -18 -9 0 0
1195 -18 -10 0 0
1195 -18 -11 0 0
1195 -18 -12 0 0
1195 -18 -13 0 0
1195 -18 -14 0 0
1195 -18 -15 0 0
1195 -18 8 0 0
1195 -18 7 0 0
1195 -18 6 0 0
1195 -18 5 0 0
1195 -18 4 0 0
1195 -18 3 0 0
1195 -18 2 0 0
1195 -18 1 0 0
1195 -18 0 0 0
1196 -19 8 0 0
1196 -19 7 0 0
1196 -19 6 0 0
1196 -19 5 0 0
1196 -19 4 0 0
1196 -19 3 0 0
1196 -19 2 0 0
1196 -19 1 0 0
1196 -19 0 0 0
1193 -20 8 0 0
1193 -20 7 0 0
1193 -20 6 0 0
1193 -20 5 0 0
1193 -20 4 0 0
1193 -20 3 0 0
1193 -20 2 0 0
1193 -20 1 0 0
1193 -20 0 0 0
1194 -25 8 0 0
1194 -25 7 0 0
1194 -25 6 0 0
1194 -25 5 0 0
1194 -25 4 0 0
1194 -25 3 0 0
1194 -25 2 0 0
1194 -25 1 0 0
1194 -25 0 0 0
1193 -24 8 0 0
1193 -24 7 0 0
1193 -24 6 0 0
1193 -24 5 0 0
1193 -24 4 0 0
1193 -24 3 0 0
1193 -24 2 0 0
1193 -24 1 0 0
1193 -24 0 0 0
1196 -23 9 0 0
1196 -23 8 0 0
1196 -23 7 0 0
1196 -23 6 0 0
1196 -23 5 0 0
1196 -23 4 0 0
1196 -23 3 0 0
1196 -23 2 0 0
1196 -23 1 0 0
1196 -23 0 0 0
1195 -37 23 0 0
1195 -37 22 0 0
1195 -37 21 0 0
1195 -37 20 0 0
1195 -37 19 0 0
1195 -37 18 0 0
1195 -37 17 0 0
1195 -37 16 0 0
1195 -37 15 0 0
1194 -36 23 0 0
1194 -36 22 0 0
1194 -36 21 0 0
1194 -36 20 0 0
1194 -36 19 0 0
1194 -36 18 0 0
1194 -36 17 0 0
1194 -36 16 0 0
1194 -36 15 0 0
1193 -35 23 0 0
1193 -35 22 0 0
1193 -35 21 0 0
1193 -35 20 0 0
1193 -35 19 0 0
1193 -35 18 0 0
1193 -35 17 0 0
1193 -35 16 0 0
1193 -35 15 0 0
1196 -34 23 0 0
1196 -34 22 0 0
1196 -34 21 0 0
1196 -34 20 0 0
1196 -34 19 0 0
1196 -34 18 0 0
1196 -34 17 0 0
1196 -34 16 0 0
1196 -34 15 0 0
1195 -33 23 0 0
1195 -33 22 0 0
1195 -33 21 0 0
1195 -33 20 0 0
1195 -33 19 0 0
1195 -33 18 0 0
1195 -33 17 0 0
1195 -33 16 0 0
1195 -33 15 0 0
1194 -32 23 0 0
1194 -32 22 0 0
1194 -32 21 0 0
1194 -32 20 0 0
1194 -32 19 0 0
1194 -32 18 0 0
1194 -32 17 0 0
1194 -32 16 0 0
1194 -32 15 0 0
1193 -31 23 0 0
1193 -31 22 0 0
1193 -31 21 0 0
1193 -31 20 0 0
1193 -31 19 0 0
1193 -31 18 0 0
1193 -31 17 0 0
1193 -31 16 0 0
1193 -31 15 0 0
1196 -30 23 0 0
1196 -30 22 0 0
1196 -30 21 0 0
1196 -30 20 0 0
1196 -30 19 0 0
1196 -30 18 0 0
1196 -30 17 0 0
1196 -30 16 0 0
1196 -30 15 0 0
1195 -29 19 0 0
1195 -29 18 0 0
1194 -28 19 0 0
1193 -27 19 0 0
1196 -26 20 0 0
1196 -26 19 0 0
1195 -25 23 0 0
1195 -25 22 0 0
1195 -25 21 0 0
1195 -25 20 0 0
1195 -25 19 0 0
1195 -25 18 0 0
1195 -25 17 0 0
1195 -25 16 0 0
1195 -25 15 0 0
1194 -24 23 0 0
1194 -24 22 0 0
1194 -24 21 0 0
1194 -24 20 0 0
1194 -24 19 0 0
1194 -24 18 0 0
1194 -24 17 0 0
1194 -24 16 0 0
1194 -24 15 0 0
1193 -23 23 0 0
1193 -23 22 0 0
1193 -23 21 0 0
1193 -23 20 0 0
1193 -23 19 0 0
1193 -23 18 0 0
1193 -23 17 0 0
1193 -23 16 0 0
1193 -23 15 0 0
1195 -22 23 0 0
1195 -22 22 0 0
1195 -22 21 0 0
1195 -22 20 0 0
1195 -22 19 0 0
1195 -22 18 0 0
1195 -22 17 0 0
1195 -22 16 0 0
1195 -22 15 0 0
1195 -22 14 0 0
1195 -22 13 0 0
1195 -22 12 0 0
1195 -22 11 0 0
1195 -22 10 0 0
1195 -22 9 0 0
1195 -22 8 0 0
1195 -22 7 0 0
1195 -22 6 0 0
1195 -22 5 0 0
1195 -22 4 0 0
1195 -22 3 0 0
1195 -22 2 0 0
1195 -22 1 0 0
1195 -22 0 0 0
1195 -22 -1 0 0
1195 -22 -2 0 0
1195 -22 -3 0 0
1195 -22 -4 0 0
1195 -22 -5 0 0
1195 -22 -6 0 0
1195 -22 -7 0 0
1195 -22 -8 0 0
1195 -22 -9 0 0
1195 -22 -10 0 0
1195 -22 -11 0 0
1195 -22 -12 0 0
1195 -22 -13 0 0
1195 -22 -14 0 0
1195 -22 -15 0 0
1194 -21 11 0 0
1194 -21 10 0 0
1194 -21 9 0 0
1194 -21 8 0 0
1194 -21 7 0 0
1194 -21 6 0 0
1194 -21 5 0 0
1194 -21 4 0 0
1194 -21 3 0 0
1194 -21 2 0 0
1194 -21 1 0 0
1194 -21 0 0 0
1194 -21 -1 0 0
1194 -21 -2 0 0
1194 -21 -3 0 0
1194 -21 -4 0 0
1194 -21 -5 0 0
1194 -21 -6 0 0
1194 -21 -7 0 0
1194 -21 -8 0 0
1194 -21 -9 0 0
1194 -21 -10 0 0
1194 -21 -11 0 0
1194 -21 -12 0 0
1194 -21 -13 0 0
1194 -21 -14 0 0
1194 -21 -15 0 0
1194 -21 12 0 0
1194 -21 13 0 0
1194 -21 14 0 0
1194 -21 15 0 0
1194 -21 16 0 0
1194 -21 17 0 0
1194 -21 18 0 0
1194 -21 19 0 0
1194 -21 20 0 0
1194 -21 21 0 0
1194 -21 22 0 0
1194 -21 23 0 0
1196 -20 23 0 0
1196 -20 22 0 0
1196 -20 21 0 0
1196 -20 20 0 0
1196 -20 19 0 0
1196 -20 18 0 0
1196 -20 17 0 0
1196 -20 16 0 0
1196 -20 15 0 0
1196 -20 14 0 0
1195 -19 15 0 0
1195 -19 16 0 0
1195 -19 17 0 0
1195 -19 18 0 0
1195 -19 19 0 0
1195 -19 20 0 0
1195 -19 21 0 0
1195 -19 22 0 0
1195 -19 23 0 0
1194 -18 23 0 0
1194 -18 22 0 0
1194 -18 21 0 0
1194 -18 20 0 0
1194 -18 15 0 0
1194 -18 16 0 0
1194 -18 17 0 0
1194 -18 18 0 0
1194 -18 19 0 0
1200 -18 -16 0 0
1200 -19 -16 0 0
1200 -20 -16 0 0
1200 -21 -16 0 0
1200 -22 -16 0 0
1200 -23 -16 20 0
1200 -24 -16 20 0
1200 -25 -16 0 0
1197 -26 -15 0 0
1197 -26 -14 0 0
1197 -26 -13 0 0
1197 -26 -12 0 0
1197 -26 -11 0 0
1197 -26 -10 0 0
1204 -26 -16 0 0
1197 -26 -9 0 0
1197 -26 -8 0 0
1197 -26 -7 0 0
1198 -18 24 0 0
1198 -19 24 0 0
1198 -20 24 0 0
1198 -21 24 0 0
1198 -22 24 0 0
1198 -23 24 0 0
1198 -24 24 0 0
1198 -25 24 0 0
1202 -26 24 0 0
1200 -18 14 0 0
1200 -19 14 0 0
1204 -26 14 0 0
1200 -25 14 0 0
1200 -24 14 0 0
1197 -26 15 0 0
1197 -26 16 0 0
1197 -26 23 0 0
1197 -26 22 0 0
1197 -26 21 0 0
1197 -26 17 0 0
1189 -26 18 0 0
1200 -27 18 0 0
1198 -27 20 0 0
1200 -28 18 0 0
1198 -28 20 0 0
1190 -29 20 20 0
1199 -29 17 0 0
1199 -29 16 0 0
1199 -29 15 0 0
1203 -29 14 20 0
1200 -30 14 0 0
1204 -38 14 0 0
1200 -31 14 0 0
1200 -32 14 0 0
1200 -33 14 0 0
1200 -37 14 0 0
1200 -36 14 0 0
1200 -35 14 0 0
1200 -34 14 0 0
1201 -29 24 0 0
1199 -29 21 0 0
1199 -29 22 0 0
1199 -29 23 0 0
1197 -38 15 0 0
1197 -38 16 0 0
1202 -38 24 0 0
1198 -30 24 0 0
1198 -31 24 0 0
1198 -32 24 0 0
1198 -33 24 0 0
1198 -34 24 0 0
1198 -35 24 0 0
1198 -36 24 0 0
1198 -37 24 0 0
1197 -38 23 0 0
1197 -38 22 0 0
1197 -38 21 0 0
1197 -38 20 0 0
1197 -38 19 0 0
1197 -38 18 0 0
1197 -38 17 0 0
1189 -23 14 0 0
1197 -23 13 0 0
1197 -23 12 0 0
1197 -23 11 0 0
1197 -23 10 0 0
1199 -20 13 0 0
1199 -20 12 0 0
1199 -20 11 0 0
1199 -20 10 0 0
1190 -20 9 20 0
1198 -19 9 0 0
1198 -18 9 0 0
1198 -24 9 0 0
1198 -25 9 0 0
1202 -26 9 0 0
1204 -26 -1 0 0
1197 -26 8 0 0
1197 -26 7 0 0
1197 -26 6 0 0
1197 -26 5 0 0
1197 -26 4 0 0
1197 -26 3 0 0
1197 -26 3 0 0
1197 -26 2 0 0
1197 -26 1 0 0
1197 -26 0 0 0
1200 -25 -1 0 0
1200 -24 -1 0 0
1200 -18 -1 0 0
1200 -19 -1 0 0
1189 -23 -1 0 0
1197 -23 -2 0 0
1197 -23 -3 0 0
1197 -23 -4 0 0
1197 -23 -5 0 0
1199 -20 -2 0 0
1199 -20 -3 0 0
1199 -20 -4 0 0
1199 -20 -5 0 0
1202 -26 -6 0 0
1198 -25 -6 0 0
1198 -24 -6 0 0
1190 -20 -6 0 0
1198 -19 -6 0 0
1198 -18 -6 0 0
6018 -7 35 0 0
6018 -8 35 0 0
3271 -4 32 1 0
12788 -4 32 0 0
3271 -12 32 1 0
12788 -12 32 0 0
6021 -8 35 0 0
6021 -8 34 0 0
6021 -8 33 0 0
6021 -8 32 0 0
6021 -8 31 0 0
6019 -7 35 0 0
6019 -7 34 0 0
6019 -7 33 0 0
6019 -7 32 0 0
6019 -7 31 0 0
1301 -8 35 0 0
1304 -7 31 0 0
1304 -7 35 0 0
1304 -8 34 0 0
1303 -7 34 0 0
1303 -8 33 0 0
1302 -7 33 0 0
1302 -8 32 0 0
1301 -7 32 0 0
1301 -8 31 0 0
3307 -10 31 0 0
7 -10 30 0 0
3308 -11 31 0 0
3310 -12 31 0 0
2187 -14 31 0 0
3307 -13 31 0 0
2186 -12 35 0 0
2187 -14 35 0 0
2186 -13 35 0 0
2187 -14 34 0 0
2187 -14 33 0 0
2187 -14 32 0 0
2186 -11 35 0 0
2186 -10 35 0 0
2186 -9 35 0 0
3307 -5 31 0 0
3308 -4 31 0 0
2186 -6 35 0 0
2186 -5 35 0 0
2186 -4 35 0 0
2186 -3 35 0 0
2186 -2 35 0 0
2187 -2 35 0 0
2187 -2 34 0 0
2187 -2 31 0 0
2187 -2 32 0 0
3307 -2 31 0 0
2187 -2 33 0 0
3310 -3 31 0 0
1703 -7 30 0 0
1701 -8 30 0 0
8 -2 29 0 0
6 -2 30 0 0
7 -3 30 0 0
7 -4 30 0 0
7 -5 30 0 0
7 -11 30 0 0
7 -12 30 0 0
7 -13 30 0 0
13 -14 30 0 0
8 -14 29 0 0
12 -9 30 0 0
10 -6 30 0 0
1195 -3 29 20 0
1196 -4 29 20 0
1193 -5 29 20 0
1194 -6 29 20 0
1195 -7 29 20 0
1196 -8 29 20 0
1193 -9 29 20 0
1194 -10 29 20 0
1195 -11 29 20 0
1196 -12 29 20 0
1201 -2 30 20 0
1202 -13 30 20 0
1197 -13 29 20 0
1199 -2 29 20 0
1198 -3 30 20 0
1198 -4 30 20 0
1198 -5 30 20 0
1198 -6 30 20 0
1198 -7 30 20 0
1198 -8 30 20 0
1198 -9 30 20 0
1198 -10 30 20 0
1198 -11 30 20 0
1198 -12 30 20 0
22 -3 30 20 0
22 -4 30 20 0
22 -5 30 20 0
22 -6 30 20 0
22 -7 30 20 0
22 -8 30 20 0
22 -9 30 20 0
22 -10 30 20 0
22 -11 30 20 0
22 -12 30 20 0
22 -13 30 20 0
21 -14 30 20 0
21 -14 29 20 0
21 -2 29 20 0
20 -2 30 20 0
1202 -13 30 0 0
1198 -12 30 0 0
1198 -11 30 0 0
1198 -10 30 0 0
1198 -9 30 0 0
1198 -8 30 0 0
1198 -7 30 0 0
1198 -6 30 0 0
1198 -5 30 0 0
1198 -4 30 0 0
1198 -3 30 0 0
1201 -2 30 0 0
1197 -13 29 0 0
1199 -2 29 0 0
1196 -12 29 0 0
1195 -11 29 0 0
1194 -10 29 0 0
1193 -9 29 0 0
1196 -8 29 0 0
1195 -7 29 0 0
1194 -6 29 0 0
1193 -5 29 0 0
1196 -4 29 0 0
1195 -3 29 0 0
