//Houses made for single or combined profession.
//Minus house signs (Sorry, forget to add them since we don't use them)
//Hope you like them, more to come!
//Stable House script made by Lessette (shadowldy@hotmail.com)

6 version
1 template id
-1 item version
1209 num components
2147 11 8 5 0
2147 11 5 5 0
2147 11 2 5 0
2147 11 -1 5 0
2147 11 -4 5 0
2146 12 8 5 0
2148 12 7 5 0
2148 12 6 5 0
2146 12 5 5 0
2148 12 4 5 0
2148 12 3 5 0
2146 12 2 5 0
2148 12 1 5 0
2148 12 0 5 0
2146 12 -1 5 0
2148 12 -2 5 0
2148 12 -3 5 0
2146 12 -4 5 0
1751 -1 10 5 0
2119 1 -2 5 0
170 7 -4 5 0
193 -3 10 35 0
191 2 10 25 0
948 1 10 25 0
948 0 10 25 0
948 -3 10 25 0
168 -1 10 25 0
168 -2 10 25 0
948 -5 10 25 0
948 -4 10 25 0
191 -8 10 0 0
193 -6 10 25 0
1444 7 11 20 0
1444 6 11 23 0
1444 5 11 26 0
1444 4 11 29 0
1444 3 11 32 0
1444 2 11 35 0
1444 1 11 38 0
1444 0 11 41 0
1445 -1 11 44 0
1446 -2 11 41 0
1446 -3 11 38 0
1446 -4 11 35 0
1446 -5 11 32 0
1446 -6 11 29 0
1446 -7 11 26 0
1446 -8 11 23 0
1446 -9 11 20 0
1444 8 11 17 0
1446 -10 11 17 0
168 6 10 5 0
166 7 10 5 0
172 7 6 5 0
1444 8 9 17 0
1444 8 8 17 0
1444 8 7 17 0
1444 8 6 17 0
1444 8 5 17 0
1444 8 4 17 0
1444 8 3 17 0
1444 8 2 17 0
1444 8 1 17 0
1444 8 0 17 0
1444 8 -1 17 0
1444 8 -2 17 0
1444 8 -3 17 0
1444 8 -4 17 0
1446 -10 9 17 0
1446 -10 8 17 0
1446 -10 7 17 0
1446 -10 6 17 0
1446 -10 5 17 0
1446 -10 4 17 0
1446 -10 3 17 0
1446 -10 2 17 0
1446 -10 1 17 0
1446 -10 0 17 0
1446 -10 -1 17 0
1446 -10 -2 17 0
1446 -10 -3 17 0
1446 -10 -4 17 0
1444 7 10 20 0
1444 7 9 20 0
1444 7 8 20 0
1444 7 7 20 0
1444 7 6 20 0
1444 7 5 20 0
1444 7 4 20 0
1444 7 3 20 0
1444 7 2 20 0
1444 7 1 20 0
1444 7 0 20 0
1444 7 -1 20 0
1444 7 -2 20 0
1444 7 -3 20 0
1444 7 -4 20 0
1444 6 10 23 0
1444 6 9 23 0
1444 6 8 23 0
1444 6 7 23 0
1444 6 6 23 0
1444 6 5 23 0
1444 6 4 23 0
1444 6 3 23 0
1444 6 2 23 0
1444 6 1 23 0
1444 6 0 23 0
1444 6 -1 23 0
1444 6 -2 23 0
1444 6 -3 23 0
1444 6 -4 23 0
1444 5 10 26 0
1444 5 9 26 0
1444 5 8 26 0
1444 5 7 26 0
1444 5 6 26 0
1444 5 5 26 0
1444 5 4 26 0
1444 5 3 26 0
1444 5 2 26 0
1444 5 1 26 0
1444 5 0 26 0
1444 5 -1 26 0
1444 5 -2 26 0
1444 5 -3 26 0
1444 5 -4 26 0
1444 4 10 29 0
1444 4 9 29 0
1444 4 8 29 0
1444 4 7 29 0
1444 4 6 29 0
1444 4 5 29 0
1444 4 4 29 0
1444 4 3 29 0
1444 4 2 29 0
1444 4 1 29 0
1444 4 0 29 0
1444 4 -1 29 0
1444 4 -2 29 0
1444 4 -3 29 0
1444 4 -4 29 0
1444 3 10 32 0
1444 3 9 32 0
1444 3 8 32 0
1444 3 7 32 0
1444 3 6 32 0
1444 3 5 32 0
1444 3 4 32 0
1444 3 3 32 0
1444 3 2 32 0
1444 3 1 32 0
1444 3 0 32 0
1444 3 -1 32 0
1444 3 -2 32 0
1444 3 -3 32 0
1444 3 -4 32 0
1444 2 10 35 0
1444 2 9 35 0
1444 2 8 35 0
1444 2 7 35 0
1444 2 6 35 0
1444 2 5 35 0
1444 2 4 35 0
1444 2 3 35 0
1444 2 2 35 0
1444 2 1 35 0
1444 2 0 35 0
1444 2 -1 35 0
1444 2 -2 35 0
1444 2 -3 35 0
1444 2 -4 35 0
1444 1 10 38 0
1444 1 9 38 0
1444 1 8 38 0
1444 1 7 38 0
1444 1 6 38 0
1444 1 5 38 0
1444 1 4 38 0
1444 1 3 38 0
1444 1 2 38 0
1444 1 1 38 0
1444 1 0 38 0
1444 1 -1 38 0
1444 1 -2 38 0
1444 1 -3 38 0
1444 1 -4 38 0
1444 0 10 41 0
1444 0 9 41 0
1444 0 8 41 0
1444 0 7 41 0
1444 0 6 41 0
1444 0 5 41 0
1444 0 4 41 0
1444 0 3 41 0
1444 0 2 41 0
1444 0 1 41 0
1444 0 0 41 0
1444 0 -1 41 0
1444 0 -2 41 0
1444 0 -3 41 0
1444 0 -4 41 0
1445 -1 10 44 0
1445 -1 9 44 0
1445 -1 8 44 0
1445 -1 7 44 0
1445 -1 6 44 0
1445 -1 5 44 0
1445 -1 4 44 0
1445 -1 3 44 0
1445 -1 2 44 0
1445 -1 1 44 0
1445 -1 0 44 0
1445 -1 -1 44 0
1445 -1 -2 44 0
1445 -1 -3 44 0
1445 -1 -4 44 0
1446 -2 10 41 0
1446 -2 9 41 0
1446 -2 8 41 0
1446 -2 7 41 0
1446 -2 6 41 0
1446 -2 5 41 0
1446 -2 4 41 0
1446 -2 3 41 0
1446 -2 2 41 0
1446 -2 1 41 0
1446 -2 0 41 0
1446 -2 -1 41 0
1446 -2 -2 41 0
1446 -2 -3 41 0
1446 -2 -4 41 0
1446 -3 10 38 0
1446 -3 9 38 0
1446 -3 8 38 0
1446 -3 7 38 0
1446 -3 6 38 0
1446 -3 5 38 0
1446 -3 4 38 0
1446 -3 3 38 0
1446 -3 2 38 0
1446 -3 1 38 0
1446 -3 0 38 0
1446 -3 -1 38 0
1446 -3 -2 38 0
1446 -3 -3 38 0
1446 -3 -4 38 0
1446 -4 10 35 0
1446 -4 9 35 0
1446 -4 8 35 0
1446 -4 7 35 0
1446 -4 6 35 0
1446 -4 5 35 0
1446 -4 4 35 0
1446 -4 3 35 0
1446 -4 2 35 0
1446 -4 1 35 0
1446 -4 0 35 0
1446 -4 -1 35 0
1446 -4 -2 35 0
1446 -4 -3 35 0
1446 -4 -4 35 0
1446 -5 10 32 0
1446 -5 9 32 0
1446 -5 8 32 0
1446 -5 7 32 0
1446 -5 6 32 0
1446 -5 5 32 0
1446 -5 4 32 0
1446 -5 3 32 0
1446 -5 2 32 0
1446 -5 1 32 0
1446 -5 0 32 0
1446 -5 -1 32 0
1446 -5 -2 32 0
1446 -5 -3 32 0
1446 -5 -4 32 0
1446 -6 10 29 0
1446 -6 9 29 0
1446 -6 8 29 0
1446 -6 7 29 0
1446 -6 6 29 0
1446 -6 5 29 0
1446 -6 4 29 0
1446 -6 3 29 0
1446 -6 2 29 0
1446 -6 1 29 0
1446 -6 0 29 0
1446 -6 -1 29 0
1446 -6 -2 29 0
1446 -6 -3 29 0
1446 -6 -4 29 0
1446 -7 10 26 0
1446 -7 9 26 0
1446 -7 8 26 0
1446 -7 7 26 0
1446 -7 6 26 0
1446 -7 5 26 0
1446 -7 4 26 0
1446 -7 3 26 0
1446 -7 2 26 0
1446 -7 1 26 0
1446 -7 0 26 0
1446 -7 -1 26 0
1446 -7 -2 26 0
1446 -7 -3 26 0
1446 -7 -4 26 0
1446 -8 10 23 0
1446 -8 9 23 0
1446 -8 8 23 0
1446 -8 7 23 0
1446 -8 6 23 0
1446 -8 5 23 0
1446 -8 4 23 0
1446 -8 3 23 0
1446 -8 2 23 0
1446 -8 1 23 0
1446 -8 0 23 0
1446 -8 -1 23 0
1446 -8 -2 23 0
1446 -8 -3 23 0
1446 -8 -4 23 0
1446 -9 10 20 0
1446 -9 9 20 0
1446 -9 8 20 0
1446 -9 7 20 0
1446 -9 6 20 0
1446 -9 5 20 0
1446 -9 4 20 0
1446 -9 3 20 0
1446 -9 2 20 0
1446 -9 1 20 0
1446 -9 0 20 0
1446 -9 -1 20 0
1446 -9 -2 20 0
1446 -9 -3 20 0
1446 -9 -4 20 0
1444 8 10 17 0
1446 -10 10 17 0
190 -10 -4 0 0
190 -10 -3 0 0
190 -10 -2 0 0
190 -10 -1 0 0
190 -10 0 0 0
190 -10 1 0 0
190 -10 2 0 0
190 -10 3 0 0
190 -10 4 0 0
190 -10 5 0 0
190 -10 6 0 0
190 -10 7 0 0
190 -10 8 0 0
190 -10 9 0 0
190 -10 10 0 0
191 -9 10 0 0
191 -7 10 0 0
191 -6 10 0 0
191 -5 10 0 0
191 -4 10 0 0
191 -3 10 0 0
191 -2 10 0 0
191 -1 10 0 0
191 0 10 0 0
191 1 10 0 0
191 2 10 0 0
191 3 10 0 0
191 4 10 0 0
191 5 10 0 0
189 6 10 0 0
190 6 -4 0 0
190 6 -3 0 0
190 6 -2 0 0
190 6 -1 0 0
190 6 0 0 0
190 6 1 0 0
190 6 2 0 0
190 6 3 0 0
190 6 4 0 0
190 6 5 0 0
190 6 6 0 0
190 6 7 0 0
190 6 8 0 0
190 6 9 0 0
12788 -9 -4 5 0
12788 -9 -3 5 0
12788 -9 -2 5 0
12788 -9 -1 5 0
12788 -9 0 5 0
12788 -9 1 5 0
12788 -9 2 5 0
12788 -9 3 5 0
12788 -9 4 5 0
12788 -9 5 5 0
12788 -9 6 5 0
12788 -9 7 5 0
12788 -9 8 5 0
12788 -9 9 5 0
12788 -9 10 5 0
12788 -8 -4 5 0
12788 -8 -3 5 0
12788 -8 -2 5 0
12788 -8 -1 5 0
12788 -8 0 5 0
12788 -8 1 5 0
12788 -8 2 5 0
12788 -8 3 5 0
12788 -8 4 5 0
12788 -8 5 5 0
12788 -8 6 5 0
12788 -8 7 5 0
12788 -8 8 5 0
12788 -8 9 5 0
12788 -8 10 5 0
12788 -7 -4 5 0
12788 -7 -3 5 0
12788 -7 -2 5 0
12788 -7 -1 5 0
12788 -7 0 5 0
12788 -7 1 5 0
12788 -7 2 5 0
12788 -7 3 5 0
12788 -7 4 5 0
12788 -7 5 5 0
12788 -7 6 5 0
12788 -7 7 5 0
12788 -7 8 5 0
12788 -7 9 5 0
12788 -7 10 5 0
12788 -6 -4 5 0
12788 -6 -3 5 0
12788 -6 -2 5 0
12788 -6 -1 5 0
12788 -6 0 5 0
12788 -6 1 5 0
12788 -6 2 5 0
12788 -6 3 5 0
12788 -6 4 5 0
12788 -6 5 5 0
12788 -6 6 5 0
12788 -6 7 5 0
12788 -6 8 5 0
12788 -6 9 5 0
12788 -6 10 5 0
12788 -5 -4 5 0
12788 -5 -3 5 0
12788 -5 -2 5 0
12788 -5 -1 5 0
12788 -5 0 5 0
12788 -5 1 5 0
12788 -5 2 5 0
12788 -5 3 5 0
12788 -5 4 5 0
12788 -5 5 5 0
12788 -5 6 5 0
12788 -5 7 5 0
12788 -5 8 5 0
12788 -5 9 5 0
12788 -5 10 5 0
12788 -4 -4 5 0
12788 -4 -3 5 0
12788 -4 -2 5 0
12788 -4 -1 5 0
12788 -4 1 5 0
12788 -4 2 5 0
12788 -4 3 5 0
12788 -4 4 5 0
12788 -4 5 5 0
12788 -4 6 5 0
12788 -4 7 5 0
12788 -4 8 5 0
12788 -4 9 5 0
12788 -4 10 5 0
12788 -3 -4 5 0
12788 -3 -3 5 0
12788 -3 -1 5 0
12788 -3 0 5 0
12788 -3 1 5 0
12788 -3 2 5 0
12788 -3 3 5 0
12788 -3 4 5 0
12788 -3 5 5 0
12788 -3 6 5 0
12788 -3 7 5 0
12788 -3 8 5 0
12788 -3 9 5 0
12788 -3 10 5 0
12788 -2 -4 5 0
12788 -2 -3 5 0
12788 -2 -2 5 0
12788 -2 -1 5 0
12788 -2 0 5 0
12788 -2 1 5 0
12788 -2 2 5 0
12788 -2 3 5 0
12788 -2 4 5 0
12788 -2 5 5 0
12788 -2 6 5 0
12788 -2 7 5 0
12788 -2 8 5 0
12788 -2 9 5 0
12788 -2 10 5 0
12788 -1 -4 5 0
12788 -1 -3 5 0
12788 -1 -2 5 0
12788 -1 -1 5 0
12788 -1 0 5 0
12788 -1 1 5 0
12788 -1 2 5 0
12788 -1 3 5 0
12788 -1 4 5 0
12788 -1 5 5 0
12788 -1 6 5 0
12788 -1 7 5 0
12788 -1 8 5 0
12788 -1 9 5 0
12788 -1 10 5 0
12788 0 -4 5 0
12788 0 -3 5 0
12788 0 -2 5 0
12788 0 -1 5 0
12788 0 0 5 0
12788 0 1 5 0
12788 0 2 5 0
12788 0 3 5 0
12788 0 4 5 0
12788 0 5 5 0
12788 0 6 5 0
12788 0 7 5 0
12788 0 8 5 0
12788 0 9 5 0
12788 0 10 5 0
12788 1 -4 5 0
12788 1 -3 5 0
12788 1 -2 5 0
12788 1 -1 5 0
12788 1 0 5 0
12788 1 1 5 0
12788 1 2 5 0
12788 1 3 5 0
12788 1 4 5 0
12788 1 5 5 0
12788 1 6 5 0
12788 1 7 5 0
12788 1 8 5 0
12788 1 9 5 0
12788 1 10 5 0
12788 2 -4 5 0
12788 2 -3 5 0
12788 2 -2 5 0
12788 2 -1 5 0
12788 2 0 5 0
12788 2 1 5 0
12788 2 2 5 0
12788 2 3 5 0
12788 2 4 5 0
12788 2 5 5 0
12788 2 6 5 0
12788 2 7 5 0
12788 2 8 5 0
12788 2 9 5 0
12788 2 10 5 0
12788 3 -4 5 0
12788 3 -3 5 0
12788 3 -2 5 0
12788 3 -1 5 0
12788 3 0 5 0
12788 3 1 5 0
12788 3 2 5 0
12788 3 3 5 0
12788 3 4 5 0
12788 3 5 5 0
12788 3 6 5 0
12788 3 7 5 0
12788 3 8 5 0
12788 3 9 5 0
12788 3 10 5 0
12788 4 -4 5 0
12788 4 -3 5 0
12788 4 -2 5 0
12788 4 -1 5 0
12788 4 0 5 0
12788 4 1 5 0
12788 4 2 5 0
12788 4 3 5 0
12788 4 4 5 0
12788 4 5 5 0
12788 4 6 5 0
12788 4 7 5 0
12788 4 8 5 0
12788 4 9 5 0
12788 4 10 5 0
12788 5 -4 5 0
12788 5 -3 5 0
12788 5 -2 5 0
12788 5 -1 5 0
12788 5 0 5 0
12788 5 1 5 0
12788 5 2 5 0
12788 5 3 5 0
12788 5 4 5 0
12788 5 5 5 0
12788 5 6 5 0
12788 5 7 5 0
12788 5 8 5 0
12788 5 9 5 0
12788 5 10 5 0
12788 6 -4 5 0
12788 6 -3 5 0
12788 6 -2 5 0
12788 6 -1 5 0
12788 6 0 5 0
12788 6 1 5 0
12788 6 2 5 0
12788 6 3 5 0
12788 6 4 5 0
12788 6 5 5 0
12788 6 6 5 0
12788 6 7 5 0
12788 6 8 5 0
12788 6 9 5 0
12788 6 10 5 0
167 -10 -4 5 0
167 -10 -3 5 0
167 -10 -2 5 0
167 -10 -1 5 0
167 -10 0 5 0
167 -10 1 5 0
167 -10 2 5 0
167 -10 3 5 0
167 -10 4 5 0
167 -10 5 5 0
167 -10 6 5 0
167 -10 7 5 0
167 -10 8 5 0
167 -10 9 5 0
167 -10 10 5 0
168 1 10 5 0
168 2 10 5 0
168 3 10 5 0
168 4 10 5 0
168 5 10 5 0
12788 -4 0 5 0
12788 6 -4 5 0
12788 6 -3 5 0
12788 6 -2 5 0
12788 6 -1 5 0
12788 6 0 5 0
12788 6 1 5 0
12788 6 2 5 0
12788 6 3 5 0
12788 6 4 5 0
12788 6 5 5 0
12788 6 6 5 0
12788 6 7 5 0
12788 6 8 5 0
12788 6 9 5 0
12788 6 10 5 0
12788 7 -4 5 0
12788 7 -3 5 0
12788 7 -2 5 0
12788 7 -1 5 0
12788 7 0 5 0
12788 7 1 5 0
12788 7 2 5 0
12788 7 3 5 0
12788 7 4 5 0
12788 7 5 5 0
12788 7 6 5 0
12788 7 7 5 0
12788 7 8 5 0
12788 7 9 5 0
12788 7 10 5 0
12788 8 -4 5 0
12788 8 -3 5 0
12788 8 -2 5 0
12788 8 -1 5 0
12788 8 0 5 0
12788 8 1 5 0
12788 8 2 5 0
12788 8 3 5 0
12788 8 4 5 0
12788 8 5 5 0
12788 8 6 5 0
12788 8 7 5 0
12788 8 8 5 0
12788 8 9 5 0
12788 8 10 5 0
12788 9 -4 5 0
12788 9 -3 5 0
12788 9 -2 5 0
12788 9 -1 5 0
12788 9 0 5 0
12788 9 1 5 0
12788 9 2 5 0
12788 9 3 5 0
12788 9 4 5 0
12788 9 5 5 0
12788 9 6 5 0
12788 9 10 5 0
12788 10 -4 5 0
12788 10 -3 5 0
12788 10 -2 5 0
12788 10 -1 5 0
12788 10 0 5 0
12788 10 1 5 0
12788 10 2 5 0
12788 10 3 5 0
12788 10 4 5 0
12788 10 5 5 0
12788 10 6 5 0
12788 10 10 5 0
12788 11 -3 5 0
12788 11 -2 5 0
12788 11 -1 5 0
12788 11 0 5 0
12788 11 1 5 0
12788 11 2 5 0
12788 11 3 5 0
12788 11 4 5 0
12788 11 5 5 0
12788 11 6 5 0
12788 11 10 5 0
12788 12 -4 5 0
12788 12 -3 5 0
12788 12 -2 5 0
12788 12 -1 5 0
12788 12 0 5 0
12788 12 1 5 0
12788 12 2 5 0
12788 12 3 5 0
12788 12 4 5 0
12788 12 5 5 0
12788 12 6 5 0
12788 12 7 5 0
12788 12 8 5 0
12788 12 9 5 0
12788 12 10 5 0
191 7 10 0 0
191 8 10 0 0
191 9 10 0 0
191 10 10 0 0
191 11 10 0 0
189 12 10 0 0
190 12 -4 0 0
190 12 -3 0 0
190 12 -2 0 0
190 12 -1 0 0
190 12 0 0 0
190 12 1 0 0
190 12 2 0 0
190 12 3 0 0
190 12 4 0 0
190 12 5 0 0
190 12 6 0 0
190 12 7 0 0
190 12 8 0 0
190 12 9 0 0
12788 9 7 5 0
12788 9 8 5 0
12788 9 9 5 0
12788 10 7 5 0
12788 10 8 5 0
12788 10 9 5 0
12788 11 7 5 0
12788 11 8 5 0
12788 11 9 5 0
12788 11 -4 5 0
948 4 -4 5 0
948 5 -4 5 0
948 6 -4 5 0
948 4 -1 5 0
948 5 -1 5 0
948 6 -1 5 0
948 4 2 5 0
948 5 2 5 0
948 6 2 5 0
948 4 5 5 0
948 5 5 5 0
948 6 5 5 0
948 4 8 5 0
948 5 8 5 0
948 6 8 5 0
948 3 -1 5 0
948 3 2 5 0
948 3 5 5 0
948 3 8 5 0
12788 -3 -2 5 0
948 2 -4 5 0
948 3 -4 5 0
949 1 -4 5 0
948 -8 9 5 0
948 -9 9 5 0
168 -9 10 5 0
168 -8 10 5 0
168 -7 10 5 0
948 -8 6 5 0
948 -9 6 5 0
948 -8 3 5 0
948 -9 3 5 0
948 -7 0 5 0
948 -8 0 5 0
948 -9 0 5 0
171 0 10 5 0
173 -3 10 5 0
1848 -2 11 0 0
1848 -1 11 0 0
1848 -2 12 0 0
1848 -1 12 0 0
2171 -2 13 0 0
2171 -1 13 0 0
2879 -9 -1 5 0
2877 -9 -2 5 0
2877 -9 -3 5 0
2879 -9 -4 5 0
5352 -7 11 0 0
5352 -6 11 0 0
5352 -5 11 0 0
5352 1 11 0 0
5352 2 11 0 0
5352 3 11 0 0
1749 -2 10 5 0
947 -5 6 5 0
2115 -5 5 5 0
949 -5 4 5 0
947 -5 3 5 0
949 -5 1 5 0
2115 -5 2 5 0
947 -5 9 5 0
949 -5 7 5 0
2115 -5 8 5 0
948 -7 9 5 0
948 -6 9 5 0
948 -7 6 5 0
948 -6 6 5 0
948 -7 3 5 0
948 -6 3 5 0
948 -6 0 5 0
948 -5 0 5 0
168 -6 10 5 0
168 -5 10 5 0
168 -4 10 5 0
949 1 -3 5 0
949 1 -1 5 0
949 1 0 5 0
2119 1 1 5 0
949 1 2 5 0
949 1 3 5 0
2119 1 4 5 0
949 1 5 5 0
949 1 6 5 0
2119 1 7 5 0
949 1 8 5 0
948 2 -1 5 0
948 2 2 5 0
948 2 5 5 0
948 2 8 5 0
2147 10 -4 5 0
2147 9 -4 5 0
2147 8 -4 5 0
2147 10 -1 5 0
2147 9 -1 5 0
2147 8 -1 5 0
2147 10 2 5 0
2147 9 2 5 0
2147 8 2 5 0
2147 10 5 5 0
2147 9 5 5 0
2147 8 5 5 0
2147 10 8 5 0
2147 9 8 5 0
2147 8 8 5 0
170 7 8 5 0
170 7 5 5 0
172 7 3 5 0
170 7 2 5 0
172 7 0 5 0
170 7 -1 5 0
948 7 -4 5 0
948 7 -1 5 0
948 7 2 5 0
948 7 5 5 0
948 7 8 5 0
172 7 -3 5 0
167 7 9 5 0
4981 -9 -3 11 0
4979 -9 -1 11 0
4976 -9 -2 11 0
1749 -6 -5 5 0
2148 12 -9 5 0
2147 12 -10 5 0
2147 11 -10 5 0
2148 12 -5 5 0
2148 12 -6 5 0
2148 12 -7 5 0
2148 12 -8 5 0
2119 1 -5 5 0
172 7 -9 5 0
1444 8 -5 17 0
1444 8 -6 17 0
1444 8 -7 17 0
1444 8 -8 17 0
1444 8 -9 17 0
1446 -10 -5 17 0
1446 -10 -6 17 0
1446 -10 -7 17 0
1446 -10 -8 17 0
1446 -10 -9 17 0
1444 7 -5 20 0
1444 7 -6 20 0
1444 7 -7 20 0
1444 7 -8 20 0
1444 7 -9 20 0
1444 7 -10 20 0
1444 6 -5 23 0
1444 6 -6 23 0
1444 6 -7 23 0
1444 6 -8 23 0
1444 6 -9 23 0
1444 6 -10 23 0
1444 5 -5 26 0
1444 5 -6 26 0
1444 5 -7 26 0
1444 5 -8 26 0
1444 5 -9 26 0
1444 5 -10 26 0
1444 4 -5 29 0
1444 4 -6 29 0
1444 4 -7 29 0
1444 4 -8 29 0
1444 4 -9 29 0
1444 4 -10 29 0
1444 3 -5 32 0
1444 3 -6 32 0
1444 3 -7 32 0
1444 3 -8 32 0
1444 3 -9 32 0
1444 3 -10 32 0
1444 2 -5 35 0
1444 2 -6 35 0
1444 2 -7 35 0
1444 2 -8 35 0
1444 2 -9 35 0
1444 2 -10 35 0
1444 1 -5 38 0
1444 1 -6 38 0
1444 1 -7 38 0
1444 1 -8 38 0
1444 1 -9 38 0
1444 1 -10 38 0
1444 0 -5 41 0
1444 0 -6 41 0
1444 0 -7 41 0
1444 0 -8 41 0
1444 0 -9 41 0
1444 0 -10 41 0
1445 -1 -5 44 0
1445 -1 -6 44 0
1445 -1 -7 44 0
1445 -1 -8 44 0
1445 -1 -9 44 0
1445 -1 -10 44 0
1446 -2 -5 41 0
1446 -2 -6 41 0
1446 -2 -7 41 0
1446 -2 -8 41 0
1446 -2 -9 41 0
1446 -2 -10 41 0
1446 -3 -5 38 0
1446 -3 -6 38 0
1446 -3 -7 38 0
1446 -3 -8 38 0
1446 -3 -9 38 0
1446 -3 -10 38 0
1446 -4 -5 35 0
1446 -4 -6 35 0
1446 -4 -7 35 0
1446 -4 -8 35 0
1446 -4 -9 35 0
1446 -4 -10 35 0
1446 -5 -5 32 0
1446 -5 -6 32 0
1446 -5 -7 32 0
1446 -5 -8 32 0
1446 -5 -9 32 0
1446 -5 -10 32 0
1446 -6 -5 29 0
1446 -6 -6 29 0
1446 -6 -7 29 0
1446 -6 -8 29 0
1446 -6 -9 29 0
1446 -6 -10 29 0
1446 -7 -5 26 0
1446 -7 -6 26 0
1446 -7 -7 26 0
1446 -7 -8 26 0
1446 -7 -9 26 0
1446 -7 -10 26 0
1446 -8 -5 23 0
1446 -8 -6 23 0
1446 -8 -7 23 0
1446 -8 -8 23 0
1446 -8 -9 23 0
1446 -8 -10 23 0
1446 -9 -5 20 0
1446 -9 -6 20 0
1446 -9 -7 20 0
1446 -9 -8 20 0
1446 -9 -9 20 0
1446 -9 -10 20 0
1444 8 -10 17 0
1446 -10 -10 17 0
190 -10 -9 0 0
190 -10 -8 0 0
190 -10 -7 0 0
190 -10 -6 0 0
190 -10 -5 0 0
190 6 -9 0 0
190 6 -8 0 0
190 6 -7 0 0
190 6 -6 0 0
190 6 -5 0 0
12788 -9 -8 5 0
12788 -9 -7 5 0
12788 -9 -6 5 0
12788 -9 -5 5 0
12788 -8 -8 5 0
12788 -8 -7 5 0
12788 -8 -6 5 0
12788 -8 -5 5 0
12788 -7 -8 5 0
12788 -7 -7 5 0
12788 -7 -6 5 0
12788 -7 -5 5 0
12788 -6 -8 5 0
12788 -6 -7 5 0
12788 -6 -6 5 0
12788 -6 -5 5 0
12788 -5 -8 5 0
12788 -5 -7 5 0
12788 -5 -6 5 0
12788 -5 -5 5 0
12788 -4 -8 5 0
12788 -4 -7 5 0
12788 -4 -6 5 0
12788 -4 -5 5 0
12788 -3 -8 5 0
12788 -3 -7 5 0
12788 -3 -6 5 0
12788 -3 -5 5 0
12788 -2 -9 5 0
12788 -2 -8 5 0
12788 -2 -7 5 0
12788 -2 -6 5 0
12788 -2 -5 5 0
12788 -1 -9 5 0
12788 -1 -8 5 0
12788 -1 -7 5 0
12788 -1 -6 5 0
12788 -1 -5 5 0
12788 0 -9 5 0
12788 0 -8 5 0
12788 0 -7 5 0
12788 0 -6 5 0
12788 0 -5 5 0
12788 1 -9 5 0
12788 1 -8 5 0
12788 1 -7 5 0
12788 1 -6 5 0
12788 1 -5 5 0
12788 2 -9 5 0
12788 2 -8 5 0
12788 2 -7 5 0
12788 2 -6 5 0
12788 2 -5 5 0
12788 3 -9 5 0
12788 3 -8 5 0
12788 3 -7 5 0
12788 3 -6 5 0
12788 3 -5 5 0
12788 4 -9 5 0
12788 4 -8 5 0
12788 4 -7 5 0
12788 4 -6 5 0
12788 4 -5 5 0
12788 5 -9 5 0
12788 5 -8 5 0
12788 5 -7 5 0
12788 5 -6 5 0
12788 5 -5 5 0
12788 6 -9 5 0
12788 6 -8 5 0
12788 6 -7 5 0
12788 6 -6 5 0
12788 6 -5 5 0
167 -10 -9 5 0
167 -10 -8 5 0
167 -10 -7 5 0
167 -10 -6 5 0
167 -10 -5 5 0
12788 6 -9 5 0
12788 6 -8 5 0
12788 6 -7 5 0
12788 6 -6 5 0
12788 6 -5 5 0
12788 7 -9 5 0
12788 7 -8 5 0
12788 7 -7 5 0
12788 7 -6 5 0
12788 7 -5 5 0
12788 8 -9 5 0
12788 8 -8 5 0
12788 8 -7 5 0
12788 8 -6 5 0
12788 8 -5 5 0
12788 9 -9 5 0
12788 9 -8 5 0
12788 9 -7 5 0
12788 9 -6 5 0
12788 9 -5 5 0
12788 10 -9 5 0
12788 10 -7 5 0
12788 10 -6 5 0
12788 10 -5 5 0
12788 11 -9 5 0
12788 11 -8 5 0
12788 11 -7 5 0
12788 11 -6 5 0
12788 11 -5 5 0
12788 12 -9 5 0
12788 12 -8 5 0
12788 12 -7 5 0
12788 12 -6 5 0
12788 12 -5 5 0
190 12 -9 0 0
190 12 -8 0 0
190 12 -7 0 0
190 12 -6 0 0
190 12 -5 0 0
12788 10 -8 5 0
169 -10 -10 5 0
192 -10 -10 0 0
191 -10 -10 0 0
191 -9 -10 0 0
191 -8 -10 0 0
191 -7 -10 0 0
191 -6 -10 0 0
191 -5 -10 0 0
191 -4 -10 0 0
191 -3 -10 0 0
191 -2 -10 0 0
191 -1 -10 0 0
191 0 -10 0 0
191 1 -10 0 0
191 2 -10 0 0
191 3 -10 0 0
191 4 -10 0 0
191 5 -10 0 0
191 6 -10 0 0
191 7 -10 0 0
191 8 -10 0 0
191 9 -10 0 0
191 10 -10 0 0
191 11 -10 0 0
191 12 -10 0 0
192 -10 -10 0 0
168 -9 -10 5 0
168 -8 -10 5 0
168 -7 -10 5 0
168 -6 -10 5 0
168 -5 -10 5 0
168 -4 -10 5 0
168 -3 -10 5 0
168 -2 -10 5 0
168 -1 -10 5 0
168 0 -10 5 0
168 1 -10 5 0
168 2 -10 5 0
168 3 -10 5 0
168 4 -10 5 0
168 5 -10 5 0
168 6 -10 5 0
12788 -9 -9 5 0
12788 -8 -9 5 0
12788 -7 -9 5 0
12788 -6 -9 5 0
12788 -5 -9 5 0
12788 -4 -9 5 0
12788 -3 -9 5 0
168 -9 -5 5 0
168 -8 -5 5 0
168 -7 -5 5 0
166 -5 -5 5 0
167 -5 -9 5 0
167 -5 -8 5 0
167 -5 -7 5 0
167 -5 -6 5 0
949 1 -9 5 0
949 1 -8 5 0
947 1 -7 5 0
948 0 -7 5 0
948 -1 -7 5 0
948 -4 -7 5 0
948 -3 -7 5 0
949 1 -6 5 0
2147 8 -10 5 0
2147 9 -10 5 0
2147 10 -10 5 0
168 7 -10 5 0
2105 -2 -7 5 0
