6 version
0 template id
-1 item version
2072 num components
1194 -8 -13 5 0
1194 -8 -12 5 0
1194 -8 -11 5 0
1194 -8 -10 5 0
1194 -8 -9 5 0
1194 -8 -8 5 0
1194 -8 -7 5 0
1194 -8 -6 5 0
1194 -8 -5 5 0
1194 -8 -4 5 0
1194 -8 -3 5 0
1194 -8 -2 5 0
1194 -8 -1 5 0
1194 -8 0 5 0
1194 -8 1 5 0
1194 -8 2 5 0
1194 -8 3 5 0
1194 -8 4 5 0
1194 -8 5 5 0
1194 -8 6 5 0
1194 -8 7 5 0
1194 -8 8 5 0
1194 -8 9 5 0
1194 -8 10 5 0
1194 -8 11 5 0
1194 -7 -14 5 0
1194 -7 -13 5 0
1194 -7 -12 5 0
1194 -7 -11 5 0
1194 -7 -10 5 0
1194 -7 -9 5 0
1194 -7 -8 5 0
1194 -7 -7 5 0
1194 -7 -6 5 0
1194 -7 -5 5 0
1194 -7 -4 5 0
1194 -7 -3 5 0
1194 -7 -2 5 0
1194 -7 -1 5 0
1194 -7 0 5 0
1194 -7 1 5 0
1194 -7 2 5 0
1194 -7 3 5 0
1194 -7 4 5 0
1194 -7 5 5 0
1194 -7 6 5 0
1194 -7 7 5 0
1194 -7 8 5 0
1194 -7 9 5 0
1194 -7 10 5 0
1194 -7 11 5 0
1194 -6 -14 5 0
1194 -6 -13 5 0
1194 -6 -12 5 0
1194 -6 -11 5 0
1194 -6 -10 5 0
1194 -6 -9 5 0
1194 -6 -8 5 0
1194 -6 -7 5 0
1194 -6 -6 5 0
1194 -6 -5 5 0
1194 -6 -4 5 0
1194 -6 -3 5 0
1194 -6 -2 5 0
1194 -6 -1 5 0
1194 -6 0 5 0
1194 -6 1 5 0
1194 -6 2 5 0
1194 -6 3 5 0
1194 -6 4 5 0
1194 -6 5 5 0
1194 -6 6 5 0
1194 -6 7 5 0
1194 -6 8 5 0
1194 -6 9 5 0
1194 -6 10 5 0
1194 -6 11 5 0
1194 -5 -14 5 0
1194 -5 -13 5 0
1194 -5 -12 5 0
1194 -5 -11 5 0
1194 -5 -10 5 0
1194 -5 -9 5 0
1194 -5 -8 5 0
1194 -5 -7 5 0
1194 -5 -6 5 0
1194 -5 -5 5 0
1194 -5 -4 5 0
1194 -5 -3 5 0
1194 -5 -2 5 0
1194 -5 -1 5 0
1194 -5 0 5 0
1194 -5 1 5 0
1194 -5 2 5 0
1194 -5 3 5 0
1194 -5 4 5 0
1194 -5 5 5 0
1194 -5 6 5 0
1194 -5 7 5 0
1194 -5 8 5 0
1194 -5 9 5 0
1194 -5 10 5 0
1194 -5 11 5 0
1194 -4 -14 5 0
1194 -4 -13 5 0
1194 -4 -12 5 0
1194 -4 -11 5 0
1194 -4 -10 5 0
1194 -4 -9 5 0
1194 -4 -8 5 0
1194 -4 -7 5 0
1194 -4 -6 5 0
1194 -4 -5 5 0
1194 -4 -4 5 0
1194 -4 -3 5 0
1194 -4 -2 5 0
1194 -4 -1 5 0
1194 -4 0 5 0
1194 -4 1 5 0
1194 -4 2 5 0
1194 -4 3 5 0
1194 -4 4 5 0
1194 -4 5 5 0
1194 -4 6 5 0
1194 -4 7 5 0
1194 -4 8 5 0
1194 -4 9 5 0
1194 -4 10 5 0
1194 -4 11 5 0
1194 -3 -14 5 0
1194 -3 -13 5 0
1194 -3 -12 5 0
1194 -3 -11 5 0
1194 -3 -10 5 0
1194 -3 -9 5 0
1194 -3 -8 5 0
1194 -3 -7 5 0
1194 -3 -6 5 0
1194 -3 -5 5 0
1194 -3 -4 5 0
1194 -3 -3 5 0
1194 -3 -2 5 0
1194 -3 -1 5 0
1194 -3 0 5 0
1194 -3 1 5 0
1194 -3 2 5 0
1194 -3 3 5 0
1194 -3 4 5 0
1194 -3 5 5 0
1194 -3 6 5 0
1194 -3 7 5 0
1194 -3 8 5 0
1194 -3 9 5 0
1194 -3 10 5 0
1194 -3 11 5 0
1194 -2 -14 5 0
1194 -2 -13 5 0
1194 -2 -12 5 0
1194 -2 -11 5 0
1194 -2 -10 5 0
1194 -2 -9 5 0
1194 -2 -8 5 0
1194 -2 -7 5 0
1194 -2 -6 5 0
1194 -2 -5 5 0
1194 -2 -4 5 0
1194 -2 -3 5 0
1194 -2 -2 5 0
1194 -2 -1 5 0
1194 -2 0 5 0
1194 -2 1 5 0
1194 -2 2 5 0
1194 -2 3 5 0
1194 -2 4 5 0
1194 -2 5 5 0
1194 -2 6 5 0
1194 -2 7 5 0
1194 -2 8 5 0
1194 -2 9 5 0
1194 -2 10 5 0
1194 -2 11 5 0
1194 -1 -14 5 0
1194 -1 -13 5 0
1194 -1 -12 5 0
1194 -1 -11 5 0
1194 -1 -10 5 0
1194 -1 -9 5 0
1194 -1 -8 5 0
1194 -1 -7 5 0
1194 -1 -6 5 0
1194 -1 -5 5 0
1194 -1 -4 5 0
1194 -1 -3 5 0
1194 -1 -2 5 0
1194 -1 -1 5 0
1194 -1 0 5 0
1194 -1 1 5 0
1194 -1 2 5 0
1194 -1 3 5 0
1194 -1 4 5 0
1194 -1 5 5 0
1194 -1 6 5 0
1194 -1 7 5 0
1194 -1 8 5 0
1194 -1 9 5 0
1194 -1 10 5 0
1194 -1 11 5 0
1194 0 -14 5 0
1194 0 -13 5 0
1194 0 -12 5 0
1194 0 -11 5 0
1194 0 -10 5 0
1194 0 -9 5 0
1194 0 -8 5 0
1194 0 -7 5 0
1194 0 -6 5 0
1194 0 -5 5 0
1194 0 -4 5 0
1194 0 -3 5 0
1194 0 -2 5 0
1194 0 -1 5 0
1194 0 0 5 0
1194 0 1 5 0
1194 0 2 5 0
1194 0 3 5 0
1194 0 4 5 0
1194 0 5 5 0
1194 0 6 5 0
1194 0 7 5 0
1194 0 8 5 0
1194 0 9 5 0
1194 0 10 5 0
1194 1 -14 5 0
1194 1 -13 5 0
1194 1 -12 5 0
1194 1 -11 5 0
1194 1 -10 5 0
1194 1 -9 5 0
1194 1 -8 5 0
1194 1 -7 5 0
1194 1 -6 5 0
1194 1 -5 5 0
1194 1 -4 5 0
1194 1 -3 5 0
1194 1 -2 5 0
1194 1 -1 5 0
1194 1 0 5 0
1194 1 1 5 0
1194 1 2 5 0
1194 1 3 5 0
1194 1 4 5 0
1194 1 5 5 0
1194 1 6 5 0
1194 1 7 5 0
1194 1 8 5 0
1194 1 9 5 0
1194 1 10 5 0
1194 1 11 5 0
1194 2 -14 5 0
1194 2 -13 5 0
1194 2 -12 5 0
1194 2 -11 5 0
1194 2 -10 5 0
1194 2 -9 5 0
1194 2 -8 5 0
1194 2 -7 5 0
1194 2 -6 5 0
1194 2 -5 5 0
1194 2 -4 5 0
1194 2 -3 5 0
1194 2 -2 5 0
1194 2 -1 5 0
1194 2 0 5 0
1194 2 1 5 0
1194 2 2 5 0
1194 2 3 5 0
1194 2 4 5 0
1194 2 5 5 0
1194 2 6 5 0
1194 2 7 5 0
1194 2 8 5 0
1194 2 9 5 0
1194 2 10 5 0
1194 2 11 5 0
1194 3 -14 5 0
1194 3 -13 5 0
1194 3 -12 5 0
1194 3 -11 5 0
1194 3 -10 5 0
1194 3 -9 5 0
1194 3 -8 5 0
1194 3 -7 5 0
1194 3 -6 5 0
1194 3 -5 5 0
1194 3 -4 5 0
1194 3 -3 5 0
1194 3 -2 5 0
1194 3 -1 5 0
1194 3 0 5 0
1194 3 1 5 0
1194 3 2 5 0
1194 3 3 5 0
1194 3 4 5 0
1194 3 5 5 0
1194 3 6 5 0
1194 3 7 5 0
1194 3 8 5 0
1194 3 9 5 0
1194 3 10 5 0
1194 3 11 5 0
1194 4 -14 5 0
1194 4 -13 5 0
1194 4 -12 5 0
1194 4 -11 5 0
1194 4 -10 5 0
1194 4 -9 5 0
1194 4 -8 5 0
1194 4 -7 5 0
1194 4 -6 5 0
1194 4 -5 5 0
1194 4 -4 5 0
1194 4 -3 5 0
1194 4 -2 5 0
1194 4 -1 5 0
1194 4 0 5 0
1194 4 1 5 0
1194 4 2 5 0
1194 4 3 5 0
1194 4 4 5 0
1194 4 5 5 0
1194 4 6 5 0
1194 4 7 5 0
1194 4 8 5 0
1194 4 9 5 0
1194 4 10 5 0
1194 4 11 5 0
1194 5 -14 5 0
1194 5 -13 5 0
1194 5 -12 5 0
1194 5 -11 5 0
1194 5 -10 5 0
1194 5 -9 5 0
1194 5 -8 5 0
1194 5 -7 5 0
1194 5 -6 5 0
1194 5 -5 5 0
1194 5 -4 5 0
1194 5 -3 5 0
1194 5 -2 5 0
1194 5 -1 5 0
1194 5 0 5 0
1194 5 1 5 0
1194 5 2 5 0
1194 5 3 5 0
1194 5 4 5 0
1194 5 5 5 0
1194 5 6 5 0
1194 5 7 5 0
1194 5 8 5 0
1194 5 9 5 0
1194 5 10 5 0
1194 5 11 5 0
106 5 -1 2 0
106 5 0 2 0
106 5 1 2 0
106 5 2 2 0
106 5 3 2 0
106 5 4 2 0
106 5 5 2 0
106 5 6 2 0
106 5 7 2 0
106 5 8 2 0
106 5 9 2 0
106 5 10 2 0
106 5 -14 2 0
106 5 -13 2 0
106 5 -12 2 0
106 5 -11 2 0
106 5 -10 2 0
106 5 -9 2 0
106 5 -8 2 0
106 5 -7 2 0
106 5 -6 2 0
106 5 -5 2 0
106 5 -4 2 0
106 5 -3 2 0
106 5 -2 2 0
106 -9 4 2 0
106 -9 5 2 0
106 -9 6 2 0
106 -9 7 2 0
106 -9 8 2 0
106 -9 9 2 0
106 -9 10 2 0
106 -9 11 2 0
106 -9 -14 2 0
106 -9 -13 2 0
106 -9 -12 2 0
106 -9 -11 2 0
106 -9 -10 2 0
106 -9 -9 2 0
106 -9 -8 2 0
106 -9 -7 2 0
106 -9 -6 2 0
106 -9 -5 2 0
106 -9 -4 2 0
106 -9 -3 2 0
106 -9 -2 2 0
106 -9 -1 2 0
106 -9 0 2 0
106 -9 1 2 0
106 -9 2 2 0
106 -9 3 2 0
106 -9 4 2 0
108 -9 -15 2 0
1194 -8 -14 5 0
105 -8 -15 2 0
105 -7 -15 2 0
105 -6 -15 2 0
105 -5 -15 2 0
105 -4 -15 2 0
105 -3 -15 2 0
105 -2 -15 2 0
105 -1 -15 2 0
105 0 -15 2 0
105 1 -15 2 0
105 2 -15 2 0
105 3 -15 2 0
105 4 -15 2 0
105 5 -15 2 0
107 5 11 2 0
105 -8 11 2 0
105 -7 11 2 0
105 -6 11 2 0
105 -5 11 2 0
105 2 11 2 0
105 3 11 2 0
105 4 11 2 0
1194 0 11 5 0
310 -8 11 5 0
310 -7 11 5 0
310 -5 11 5 0
310 -4 11 5 0
310 2 11 5 0
310 4 11 5 0
310 -7 -15 5 0
310 -6 -15 5 0
310 -5 -15 5 0
310 -4 -15 5 0
310 -3 -15 5 0
310 -2 -15 5 0
310 -1 -15 5 0
310 0 -15 5 0
310 2 -15 5 0
310 3 -15 5 0
310 4 -15 5 0
310 -8 -15 5 0
298 -9 -15 5 0
311 -9 -14 5 0
311 -9 -13 5 0
311 -9 -12 5 0
311 -9 -11 5 0
311 -9 -10 5 0
311 -9 -9 5 0
311 -9 -8 5 0
311 -9 -7 5 0
311 -9 -6 5 0
311 -9 -4 5 0
311 -9 -3 5 0
311 -9 -2 5 0
311 -9 -1 5 0
311 -9 0 5 0
311 -9 1 5 0
311 -9 2 5 0
311 -9 4 5 0
311 -9 5 5 0
311 -9 6 5 0
311 -9 7 5 0
311 -9 8 5 0
311 -9 9 5 0
311 -9 10 5 0
306 5 11 5 0
311 5 -14 5 0
311 5 -13 5 0
311 5 -12 5 0
311 5 -11 5 0
311 5 -10 5 0
311 5 -9 5 0
311 5 -8 5 0
311 5 -7 5 0
311 5 -6 5 0
311 5 -5 5 0
311 5 -4 5 0
311 5 -3 5 0
311 5 -2 5 0
311 5 -1 5 0
311 5 0 5 0
311 5 1 5 0
311 5 2 5 0
311 5 3 5 0
311 5 4 5 0
311 5 5 5 0
311 5 6 5 0
311 5 7 5 0
311 5 8 5 0
311 5 9 5 0
311 5 10 5 0
307 5 -15 5 0
308 -9 11 5 0
1873 -2 12 0 0
1873 -1 12 0 0
105 1 11 2 0
310 1 11 5 0
312 0 11 5 0
307 -3 11 5 0
105 -4 11 2 0
105 -3 11 2 0
105 0 11 2 0
2186 6 11 2 0
2186 7 11 2 0
2186 8 11 2 0
2186 9 11 2 0
2186 6 -15 2 0
2186 7 -15 2 0
2186 8 -15 2 0
2186 6 -11 2 0
2186 7 -11 2 0
2186 8 -11 2 0
2186 6 -7 2 0
2186 7 -7 2 0
2186 8 -7 2 0
2186 6 -3 2 0
2186 7 -3 2 0
2186 8 -3 2 0
2186 6 1 2 0
2186 7 1 2 0
2186 8 1 2 0
2186 6 5 2 0
2186 7 5 2 0
2186 8 5 2 0
2186 9 5 2 0
2186 10 5 2 0
2186 10 11 2 0
2187 10 6 2 0
2187 10 7 2 0
2187 10 10 2 0
2187 10 11 2 0
2187 8 -14 2 0
2187 8 -11 2 0
2187 8 -10 2 0
2187 8 -7 2 0
2187 8 -6 2 0
2187 8 -3 2 0
2187 8 -2 2 0
2187 8 1 2 0
2187 8 2 2 0
2187 8 5 2 0
2158 10 9 2 0
2158 8 4 2 0
2158 8 -4 2 0
2158 8 -8 2 0
2158 8 -12 2 0
2158 8 0 2 0
2160 10 8 2 0
2160 8 3 2 0
2160 8 -1 2 0
2160 8 -13 2 0
2160 8 -9 2 0
2160 8 -5 2 0
310 -8 0 5 0
310 -3 0 5 0
310 -2 0 5 0
310 -1 0 5 0
310 0 0 5 0
310 1 0 5 0
310 2 0 5 0
310 3 0 5 0
310 4 0 5 0
310 5 0 5 0
319 -4 0 5 0
318 -7 0 5 0
311 -3 -14 5 0
311 -3 -10 5 0
311 -3 -9 5 0
311 -3 -5 5 0
311 -3 -4 5 0
311 -3 0 5 0
310 -2 -5 5 0
310 -1 -5 5 0
310 0 -5 5 0
310 1 -5 5 0
310 2 -5 5 0
310 3 -5 5 0
310 4 -5 5 0
310 5 -5 5 0
310 -2 -10 5 0
310 -1 -10 5 0
310 0 -10 5 0
310 1 -10 5 0
310 2 -10 5 0
310 3 -10 5 0
310 4 -10 5 0
310 5 -10 5 0
308 -3 -3 5 0
308 -3 -8 5 0
308 -3 -13 5 0
313 -3 -1 5 0
313 -3 -6 5 0
313 -3 -11 5 0
1981 -8 5 5 0
1981 -8 6 5 0
1981 -8 7 5 0
1981 -8 8 5 0
1981 -8 9 5 0
1981 -8 10 5 0
1981 -7 5 5 0
1981 -7 6 5 0
1981 -7 7 5 0
1981 -7 8 5 0
1981 -7 9 5 0
1981 -7 10 5 0
1981 -6 5 5 0
1981 -6 6 5 0
1981 -6 7 5 0
1981 -6 8 5 0
1981 -6 9 5 0
1981 -6 10 5 0
1981 -5 6 5 0
1981 -5 7 5 0
1981 -5 8 5 0
1981 -5 9 5 0
1986 -5 10 5 0
1984 -5 5 5 0
6425 0 1 5 0
6424 0 2 5 0
6424 0 3 5 0
6424 0 4 5 0
6424 0 5 5 0
6418 0 6 5 0
6430 1 6 5 0
6430 2 6 5 0
6430 3 6 5 0
1825 -8 -14 5 0
1825 -8 -13 5 0
1825 -8 -12 5 0
1825 -8 -11 5 0
1825 -8 -10 5 0
1825 -8 -14 10 0
1825 -8 -13 10 0
1825 -8 -12 10 0
1825 -8 -11 10 0
1825 -8 -14 15 0
1825 -8 -13 15 0
1825 -8 -12 15 0
1825 -8 -14 20 0
1825 -8 -13 20 0
1826 -8 -12 20 0
1826 -8 -11 15 0
1826 -8 -10 10 0
1826 -8 -9 5 0
1205 -8 -8 25 0
1205 -8 -7 25 0
1205 -8 -6 25 0
1205 -8 -5 25 0
1205 -8 -4 25 0
1205 -8 -3 25 0
1205 -8 -2 25 0
1205 -8 -1 25 0
1205 -8 0 25 0
1205 -8 1 25 0
1205 -8 2 25 0
1205 -8 3 25 0
1205 -8 4 25 0
1205 -8 5 25 0
1205 -8 6 25 0
1205 -8 7 25 0
1205 -8 8 25 0
1205 -8 9 25 0
1205 -8 10 25 0
1205 -8 11 25 0
1205 -7 -14 25 0
1205 -7 -13 25 0
1205 -7 -12 25 0
1205 -7 -11 25 0
1205 -7 -10 25 0
1205 -7 -9 25 0
1205 -7 -8 25 0
1205 -7 -7 25 0
1205 -7 -6 25 0
1205 -7 -5 25 0
1205 -7 -4 25 0
1205 -7 -3 25 0
1205 -7 -2 25 0
1205 -7 -1 25 0
1205 -7 0 25 0
1205 -7 1 25 0
1205 -7 2 25 0
1205 -7 3 25 0
1205 -7 4 25 0
1205 -7 5 25 0
1205 -7 6 25 0
1205 -7 7 25 0
1205 -7 8 25 0
1205 -7 9 25 0
1205 -7 10 25 0
1205 -7 11 25 0
1205 -6 -14 25 0
1205 -6 -13 25 0
1205 -6 -12 25 0
1205 -6 -11 25 0
1205 -6 -10 25 0
1205 -6 -9 25 0
1205 -6 -8 25 0
1205 -6 -7 25 0
1205 -6 -6 25 0
1205 -6 -5 25 0
1205 -6 -4 25 0
1205 -6 -3 25 0
1205 -6 -2 25 0
1205 -6 -1 25 0
1205 -6 0 25 0
1205 -6 1 25 0
1205 -6 2 25 0
1205 -6 3 25 0
1205 -6 4 25 0
1205 -6 5 25 0
1205 -6 6 25 0
1205 -6 7 25 0
1205 -6 8 25 0
1205 -6 9 25 0
1205 -6 10 25 0
1205 -6 11 25 0
1205 -5 -14 25 0
1205 -5 -13 25 0
1205 -5 -12 25 0
1205 -5 -11 25 0
1205 -5 -10 25 0
1205 -5 -9 25 0
1205 -5 -8 25 0
1205 -5 -7 25 0
1205 -5 -6 25 0
1205 -5 -5 25 0
1205 -5 -4 25 0
1205 -5 -3 25 0
1205 -5 -2 25 0
1205 -5 -1 25 0
1205 -5 0 25 0
1205 -5 1 25 0
1205 -5 2 25 0
1205 -5 3 25 0
1205 -5 4 25 0
1205 -5 5 25 0
1205 -5 6 25 0
1205 -5 7 25 0
1205 -5 8 25 0
1205 -5 9 25 0
1205 -5 10 25 0
1205 -5 11 25 0
1205 -4 -14 25 0
1205 -4 -13 25 0
1205 -4 -12 25 0
1205 -4 -11 25 0
1205 -4 -10 25 0
1205 -4 -9 25 0
1205 -4 -8 25 0
1205 -4 -7 25 0
1205 -4 -6 25 0
1205 -4 -5 25 0
1205 -4 -4 25 0
1205 -4 -3 25 0
1205 -4 -2 25 0
1205 -4 -1 25 0
1205 -4 0 25 0
1205 -4 1 25 0
1205 -4 2 25 0
1205 -4 3 25 0
1205 -4 4 25 0
1205 -4 5 25 0
1205 -4 6 25 0
1205 -4 7 25 0
1205 -4 8 25 0
1205 -4 9 25 0
1205 -4 10 25 0
1205 -4 11 25 0
1205 -3 -14 25 0
1205 -3 -13 25 0
1205 -3 -12 25 0
1205 -3 -11 25 0
1205 -3 -10 25 0
1205 -3 -9 25 0
1205 -3 -8 25 0
1205 -3 -7 25 0
1205 -3 -6 25 0
1205 -3 -5 25 0
1205 -3 -4 25 0
1205 -3 -3 25 0
1205 -3 -2 25 0
1205 -3 -1 25 0
1205 -3 0 25 0
1205 -3 1 25 0
1205 -3 2 25 0
1205 -3 3 25 0
1205 -3 4 25 0
1205 -3 5 25 0
1205 -3 6 25 0
1205 -3 7 25 0
1205 -3 8 25 0
1205 -3 9 25 0
1205 -3 10 25 0
1205 -3 11 25 0
1205 -2 -14 25 0
1205 -2 -13 25 0
1205 -2 -12 25 0
1205 -2 -11 25 0
1205 -2 -10 25 0
1205 -2 -9 25 0
1205 -2 -8 25 0
1205 -2 -7 25 0
1205 -2 -6 25 0
1205 -2 -5 25 0
1205 -2 -4 25 0
1205 -2 -3 25 0
1205 -2 -2 25 0
1205 -2 -1 25 0
1205 -2 0 25 0
1205 -2 1 25 0
1205 -2 2 25 0
1205 -2 3 25 0
1205 -2 4 25 0
1205 -2 5 25 0
1205 -2 6 25 0
1205 -2 7 25 0
1205 -2 8 25 0
1205 -2 9 25 0
1205 -2 10 25 0
1205 -2 11 25 0
1205 -1 -14 25 0
1205 -1 -13 25 0
1205 -1 -12 25 0
1205 -1 -11 25 0
1205 -1 -10 25 0
1205 -1 -9 25 0
1205 -1 -8 25 0
1205 -1 -7 25 0
1205 -1 -6 25 0
1205 -1 -5 25 0
1205 -1 -4 25 0
1205 -1 -3 25 0
1205 -1 -2 25 0
1205 -1 -1 25 0
1205 -1 0 25 0
1205 -1 1 25 0
1205 -1 2 25 0
1205 -1 3 25 0
1205 -1 4 25 0
1205 -1 5 25 0
1205 -1 6 25 0
1205 -1 7 25 0
1205 -1 8 25 0
1205 -1 9 25 0
1205 -1 10 25 0
1205 -1 11 25 0
1205 0 -14 25 0
1205 0 -13 25 0
1205 0 -12 25 0
1205 0 -11 25 0
1205 0 -10 25 0
1205 0 -9 25 0
1205 0 -8 25 0
1205 0 -7 25 0
1205 0 -6 25 0
1205 0 -5 25 0
1205 0 -4 25 0
1205 0 -3 25 0
1205 0 -2 25 0
1205 0 -1 25 0
1205 0 0 25 0
1205 0 1 25 0
1205 0 2 25 0
1205 0 3 25 0
1205 0 4 25 0
1205 0 5 25 0
1205 0 6 25 0
1205 0 7 25 0
1205 0 8 25 0
1205 0 9 25 0
1205 0 10 25 0
1205 0 11 25 0
1205 1 -14 25 0
1205 1 -13 25 0
1205 1 -12 25 0
1205 1 -11 25 0
1205 1 -10 25 0
1205 1 -9 25 0
1205 1 -8 25 0
1205 1 -7 25 0
1205 1 -6 25 0
1205 1 -5 25 0
1205 1 -4 25 0
1205 1 -3 25 0
1205 1 -2 25 0
1205 1 -1 25 0
1205 1 0 25 0
1205 1 1 25 0
1205 1 2 25 0
1205 1 3 25 0
1205 1 4 25 0
1205 1 5 25 0
1205 1 6 25 0
1205 1 7 25 0
1205 1 8 25 0
1205 1 9 25 0
1205 1 10 25 0
1205 1 11 25 0
1205 2 -14 25 0
1205 2 -13 25 0
1205 2 -12 25 0
1205 2 -11 25 0
1205 2 -10 25 0
1205 2 -9 25 0
1205 2 -8 25 0
1205 2 -7 25 0
1205 2 -6 25 0
1205 2 -5 25 0
1205 2 -4 25 0
1205 2 -3 25 0
1205 2 -2 25 0
1205 2 -1 25 0
1205 2 0 25 0
1205 2 1 25 0
1205 2 2 25 0
1205 2 3 25 0
1205 2 4 25 0
1205 2 5 25 0
1205 2 6 25 0
1205 2 7 25 0
1205 2 8 25 0
1205 2 9 25 0
1205 2 10 25 0
1205 2 11 25 0
1205 3 -14 25 0
1205 3 -13 25 0
1205 3 -12 25 0
1205 3 -11 25 0
1205 3 -10 25 0
1205 3 -9 25 0
1205 3 -8 25 0
1205 3 -7 25 0
1205 3 -6 25 0
1205 3 -5 25 0
1205 3 -4 25 0
1205 3 -3 25 0
1205 3 -2 25 0
1205 3 -1 25 0
1205 3 0 25 0
1205 3 1 25 0
1205 3 2 25 0
1205 3 3 25 0
1205 3 4 25 0
1205 3 5 25 0
1205 3 6 25 0
1205 3 7 25 0
1205 3 8 25 0
1205 3 9 25 0
1205 3 10 25 0
1205 3 11 25 0
1205 4 -14 25 0
1205 4 -13 25 0
1205 4 -12 25 0
1205 4 -11 25 0
1205 4 -10 25 0
1205 4 -9 25 0
1205 4 -8 25 0
1205 4 -7 25 0
1205 4 -6 25 0
1205 4 -5 25 0
1205 4 -4 25 0
1205 4 -3 25 0
1205 4 -2 25 0
1205 4 -1 25 0
1205 4 0 25 0
1205 4 1 25 0
1205 4 2 25 0
1205 4 3 25 0
1205 4 4 25 0
1205 4 5 25 0
1205 4 6 25 0
1205 4 7 25 0
1205 4 8 25 0
1205 4 9 25 0
1205 4 10 25 0
1205 4 11 25 0
1205 5 -14 25 0
1205 5 -13 25 0
1205 5 -12 25 0
1205 5 -11 25 0
1205 5 -10 25 0
1205 5 -9 25 0
1205 5 -8 25 0
1205 5 -7 25 0
1205 5 -6 25 0
1205 5 -5 25 0
1205 5 -4 25 0
1205 5 -3 25 0
1205 5 -2 25 0
1205 5 -1 25 0
1205 5 0 25 0
1205 5 1 25 0
1205 5 2 25 0
1205 5 3 25 0
1205 5 4 25 0
1205 5 5 25 0
1205 5 6 25 0
1205 5 7 25 0
1205 5 8 25 0
1205 5 9 25 0
1205 5 10 25 0
1205 5 11 25 0
298 -9 -15 25 0
310 -8 -15 25 0
310 -7 -15 25 0
310 -6 -15 25 0
310 -5 -15 25 0
310 -4 -15 25 0
310 -3 -15 25 0
310 -1 -15 25 0
310 0 -15 25 0
310 1 -15 25 0
310 2 -15 25 0
310 3 -15 25 0
310 4 -15 25 0
310 -8 11 25 0
310 -7 11 25 0
310 -6 11 25 0
310 -5 11 25 0
310 -4 11 25 0
310 -3 11 25 0
310 -2 11 25 0
310 -1 11 25 0
310 0 11 25 0
310 1 11 25 0
310 3 11 25 0
310 4 11 25 0
311 -9 -14 25 0
311 -9 -13 25 0
311 -9 -12 25 0
311 -9 -11 25 0
311 -9 -9 25 0
311 -9 -8 25 0
311 -9 -7 25 0
311 -9 -6 25 0
311 -9 -5 25 0
311 -9 -4 25 0
311 -9 -3 25 0
311 -9 -2 25 0
311 -9 0 25 0
311 -9 1 25 0
311 -9 2 25 0
311 -9 3 25 0
311 -9 4 25 0
311 -9 5 25 0
311 -9 6 25 0
311 -9 7 25 0
311 -9 9 25 0
311 -9 10 25 0
311 5 -14 25 0
311 5 -13 25 0
311 5 -12 25 0
311 5 -11 25 0
311 5 -10 25 0
311 5 -9 25 0
311 5 -7 25 0
311 5 -6 25 0
311 5 -4 25 0
311 5 -3 25 0
311 5 -2 25 0
311 5 -1 25 0
311 5 0 25 0
311 5 1 25 0
311 5 2 25 0
311 5 3 25 0
311 5 4 25 0
311 5 6 25 0
311 5 7 25 0
311 5 8 25 0
311 5 9 25 0
311 5 10 25 0
308 -9 11 25 0
306 5 11 25 0
307 5 -15 25 0
310 -8 -6 25 0
310 -7 -6 25 0
310 -6 -6 25 0
310 -5 -6 25 0
310 -4 -6 25 0
310 -3 -6 25 0
310 -2 -6 25 0
310 -1 -6 25 0
310 -8 3 25 0
310 -7 3 25 0
310 -6 3 25 0
310 -5 3 25 0
310 -4 3 25 0
310 -3 3 25 0
310 -2 3 25 0
310 -1 3 25 0
311 -1 -5 25 0
311 -1 -4 25 0
311 -1 -3 25 0
311 -1 2 25 0
311 -1 3 25 0
311 -1 4 25 0
311 -1 5 25 0
311 -1 10 25 0
311 -1 11 25 0
308 -1 -2 25 0
308 -1 6 25 0
313 -1 9 25 0
313 -1 1 25 0
1825 4 -14 25 0
1825 4 -13 25 0
1825 4 -12 25 0
1825 4 -11 25 0
1825 4 -10 25 0
1825 4 -14 30 0
1825 4 -13 30 0
1825 4 -12 30 0
1825 4 -11 30 0
1825 4 -14 35 0
1825 4 -13 35 0
1825 4 -12 35 0
1825 4 -14 40 0
1825 4 -13 40 0
1826 4 -9 25 0
311 5 -8 25 0
1826 4 -10 30 0
1826 4 -11 35 0
1826 4 -12 40 0
1194 -8 -14 45 0
1194 -8 -13 45 0
1194 -8 -12 45 0
1194 -8 -11 45 0
1194 -8 -10 45 0
1194 -8 -9 45 0
1194 -8 -8 45 0
1194 -8 -7 45 0
1194 -8 -6 45 0
1194 -8 -5 45 0
1194 -8 -4 45 0
1194 -8 -3 45 0
1194 -8 -2 45 0
1194 -8 -1 45 0
1194 -8 0 45 0
1194 -8 1 45 0
1194 -8 2 45 0
1194 -8 3 45 0
1194 -8 4 45 0
1194 -8 5 45 0
1194 -8 6 45 0
1194 -8 7 45 0
1194 -8 8 45 0
1194 -8 9 45 0
1194 -8 10 45 0
1194 -8 11 45 0
1194 -7 -14 45 0
1194 -7 -13 45 0
1194 -7 -12 45 0
1194 -7 -11 45 0
1194 -7 -10 45 0
1194 -7 -9 45 0
1194 -7 -8 45 0
1194 -7 -7 45 0
1194 -7 -6 45 0
1194 -7 -5 45 0
1194 -7 -4 45 0
1194 -7 -3 45 0
1194 -7 -2 45 0
1194 -7 -1 45 0
1194 -7 0 45 0
1194 -7 1 45 0
1194 -7 2 45 0
1194 -7 3 45 0
1194 -7 4 45 0
1194 -7 5 45 0
1194 -7 6 45 0
1194 -7 7 45 0
1194 -7 8 45 0
1194 -7 9 45 0
1194 -7 10 45 0
1194 -7 11 45 0
1194 -6 -14 45 0
1194 -6 -13 45 0
1194 -6 -12 45 0
1194 -6 -11 45 0
1194 -6 -10 45 0
1194 -6 -9 45 0
1194 -6 -8 45 0
1194 -6 -7 45 0
1194 -6 -6 45 0
1194 -6 -5 45 0
1194 -6 -4 45 0
1194 -6 -3 45 0
1194 -6 -2 45 0
1194 -6 -1 45 0
1194 -6 0 45 0
1194 -6 1 45 0
1194 -6 2 45 0
1194 -6 3 45 0
1194 -6 4 45 0
1194 -6 5 45 0
1194 -6 6 45 0
1194 -6 7 45 0
1194 -6 8 45 0
1194 -6 9 45 0
1194 -6 10 45 0
1194 -6 11 45 0
1194 -5 -14 45 0
1194 -5 -13 45 0
1194 -5 -12 45 0
1194 -5 -11 45 0
1194 -5 -10 45 0
1194 -5 -9 45 0
1194 -5 -8 45 0
1194 -5 -7 45 0
1194 -5 -6 45 0
1194 -5 -5 45 0
1194 -5 -4 45 0
1194 -5 -3 45 0
1194 -5 -2 45 0
1194 -5 -1 45 0
1194 -5 0 45 0
1194 -5 1 45 0
1194 -5 2 45 0
1194 -5 3 45 0
1194 -5 4 45 0
1194 -5 5 45 0
1194 -5 6 45 0
1194 -5 7 45 0
1194 -5 8 45 0
1194 -5 9 45 0
1194 -5 10 45 0
1194 -5 11 45 0
1194 -4 -14 45 0
1194 -4 -13 45 0
1194 -4 -12 45 0
1194 -4 -11 45 0
1194 -4 -10 45 0
1194 -4 -9 45 0
1194 -4 -8 45 0
1194 -4 -7 45 0
1194 -4 -6 45 0
1194 -4 -5 45 0
1194 -4 -4 45 0
1194 -4 -3 45 0
1194 -4 -2 45 0
1194 -4 -1 45 0
1194 -4 0 45 0
1194 -4 1 45 0
1194 -4 2 45 0
1194 -4 3 45 0
1194 -4 4 45 0
1194 -4 5 45 0
1194 -4 6 45 0
1194 -4 7 45 0
1194 -4 8 45 0
1194 -4 9 45 0
1194 -4 10 45 0
1194 -4 11 45 0
1194 -3 -14 45 0
1194 -3 -13 45 0
1194 -3 -12 45 0
1194 -3 -11 45 0
1194 -3 -10 45 0
1194 -3 -9 45 0
1194 -3 -8 45 0
1194 -3 -7 45 0
1194 -3 -6 45 0
1194 -3 -5 45 0
1194 -3 -4 45 0
1194 -3 -3 45 0
1194 -3 -2 45 0
1194 -3 -1 45 0
1194 -3 0 45 0
1194 -3 1 45 0
1194 -3 2 45 0
1194 -3 3 45 0
1194 -3 4 45 0
1194 -3 5 45 0
1194 -3 6 45 0
1194 -3 7 45 0
1194 -3 8 45 0
1194 -3 9 45 0
1194 -3 10 45 0
1194 -3 11 45 0
1194 -2 -14 45 0
1194 -2 -13 45 0
1194 -2 -12 45 0
1194 -2 -11 45 0
1194 -2 -10 45 0
1194 -2 -9 45 0
1194 -2 -8 45 0
1194 -2 -7 45 0
1194 -2 -6 45 0
1194 -2 -5 45 0
1194 -2 -4 45 0
1194 -2 -3 45 0
1194 -2 -2 45 0
1194 -2 -1 45 0
1194 -2 0 45 0
1194 -2 1 45 0
1194 -2 2 45 0
1194 -2 3 45 0
1194 -2 4 45 0
1194 -2 5 45 0
1194 -2 6 45 0
1194 -2 7 45 0
1194 -2 8 45 0
1194 -2 9 45 0
1194 -2 10 45 0
1194 -2 11 45 0
1194 -1 -14 45 0
1194 -1 -13 45 0
1194 -1 -12 45 0
1194 -1 -11 45 0
1194 -1 -10 45 0
1194 -1 -9 45 0
1194 -1 -8 45 0
1194 -1 -7 45 0
1194 -1 -6 45 0
1194 -1 -5 45 0
1194 -1 -4 45 0
1194 -1 -3 45 0
1194 -1 -2 45 0
1194 -1 -1 45 0
1194 -1 0 45 0
1194 -1 1 45 0
1194 -1 2 45 0
1194 -1 3 45 0
1194 -1 4 45 0
1194 -1 5 45 0
1194 -1 6 45 0
1194 -1 7 45 0
1194 -1 8 45 0
1194 -1 9 45 0
1194 -1 10 45 0
1194 -1 11 45 0
1194 0 -14 45 0
1194 0 -13 45 0
1194 0 -12 45 0
1194 0 -11 45 0
1194 0 -10 45 0
1194 0 -9 45 0
1194 0 -8 45 0
1194 0 -7 45 0
1194 0 -6 45 0
1194 0 -5 45 0
1194 0 -4 45 0
1194 0 -3 45 0
1194 0 -2 45 0
1194 0 -1 45 0
1194 0 0 45 0
1194 0 1 45 0
1194 0 2 45 0
1194 0 3 45 0
1194 0 4 45 0
1194 0 5 45 0
1194 0 6 45 0
1194 0 7 45 0
1194 0 8 45 0
1194 0 9 45 0
1194 0 10 45 0
1194 0 11 45 0
1194 1 -14 45 0
1194 1 -13 45 0
1194 1 -12 45 0
1194 1 -11 45 0
1194 1 -10 45 0
1194 1 -9 45 0
1194 1 -8 45 0
1194 1 -7 45 0
1194 1 -6 45 0
1194 1 -5 45 0
1194 1 -4 45 0
1194 1 -3 45 0
1194 1 -2 45 0
1194 1 -1 45 0
1194 1 0 45 0
1194 1 1 45 0
1194 1 2 45 0
1194 1 3 45 0
1194 1 4 45 0
1194 1 5 45 0
1194 1 6 45 0
1194 1 7 45 0
1194 1 8 45 0
1194 1 9 45 0
1194 1 10 45 0
1194 1 11 45 0
1194 2 -14 45 0
1194 2 -13 45 0
1194 2 -12 45 0
1194 2 -11 45 0
1194 2 -10 45 0
1194 2 -9 45 0
1194 2 -8 45 0
1194 2 -7 45 0
1194 2 -6 45 0
1194 2 -5 45 0
1194 2 -4 45 0
1194 2 -3 45 0
1194 2 -2 45 0
1194 2 -1 45 0
1194 2 0 45 0
1194 2 1 45 0
1194 2 2 45 0
1194 2 3 45 0
1194 2 4 45 0
1194 2 5 45 0
1194 2 6 45 0
1194 2 7 45 0
1194 2 8 45 0
1194 2 9 45 0
1194 2 10 45 0
1194 2 11 45 0
1194 3 -14 45 0
1194 3 -13 45 0
1194 3 -12 45 0
1194 3 -11 45 0
1194 3 -10 45 0
1194 3 -9 45 0
1194 3 -8 45 0
1194 3 -7 45 0
1194 3 -6 45 0
1194 3 -5 45 0
1194 3 -4 45 0
1194 3 -3 45 0
1194 3 -2 45 0
1194 3 -1 45 0
1194 3 0 45 0
1194 3 1 45 0
1194 3 2 45 0
1194 3 3 45 0
1194 3 4 45 0
1194 3 5 45 0
1194 3 6 45 0
1194 3 7 45 0
1194 3 8 45 0
1194 3 9 45 0
1194 3 10 45 0
1194 3 11 45 0
1194 4 -8 45 0
1194 4 -7 45 0
1194 4 -6 45 0
1194 4 -5 45 0
1194 4 -4 45 0
1194 4 -3 45 0
1194 4 -2 45 0
1194 4 -1 45 0
1194 4 0 45 0
1194 4 1 45 0
1194 4 2 45 0
1194 4 3 45 0
1194 4 4 45 0
1194 4 5 45 0
1194 4 6 45 0
1194 4 7 45 0
1194 4 8 45 0
1194 4 9 45 0
1194 4 10 45 0
1194 4 11 45 0
1194 5 -14 45 0
1194 5 -13 45 0
1194 5 -12 45 0
1194 5 -11 45 0
1194 5 -10 45 0
1194 5 -9 45 0
1194 5 -8 45 0
1194 5 -7 45 0
1194 5 -6 45 0
1194 5 -5 45 0
1194 5 -4 45 0
1194 5 -3 45 0
1194 5 -2 45 0
1194 5 -1 45 0
1194 5 0 45 0
1194 5 1 45 0
1194 5 2 45 0
1194 5 3 45 0
1194 5 4 45 0
1194 5 5 45 0
1194 5 6 45 0
1194 5 7 45 0
1194 5 8 45 0
1194 5 9 45 0
1194 5 10 45 0
1194 5 11 45 0
298 -9 -15 45 0
310 -8 -15 45 0
310 -7 -15 45 0
310 -6 -15 45 0
310 -5 -15 45 0
310 -4 -15 45 0
310 -3 -15 45 0
310 -2 -15 45 0
310 -1 -15 45 0
310 0 -15 45 0
310 2 -15 45 0
310 3 -15 45 0
310 4 -15 45 0
310 -8 11 45 0
310 -7 11 45 0
310 -5 11 45 0
310 -4 11 45 0
310 -3 11 45 0
310 -2 11 45 0
310 0 11 45 0
310 1 11 45 0
310 3 11 45 0
311 5 -14 45 0
311 5 -13 45 0
311 5 -12 45 0
311 5 -11 45 0
311 5 -10 45 0
311 5 -8 45 0
311 5 -7 45 0
311 5 -6 45 0
311 5 -5 45 0
311 5 -4 45 0
311 5 -3 45 0
311 5 -2 45 0
311 5 -1 45 0
311 5 0 45 0
311 5 2 45 0
311 5 3 45 0
311 5 4 45 0
311 5 5 45 0
311 5 6 45 0
311 5 7 45 0
311 5 8 45 0
311 5 10 45 0
311 -9 -14 45 0
311 -9 -13 45 0
311 -9 -12 45 0
311 -9 -11 45 0
311 -9 -9 45 0
311 -9 -8 45 0
311 -9 -7 45 0
311 -9 -6 45 0
311 -9 -5 45 0
311 -9 -4 45 0
311 -9 -3 45 0
311 -9 -2 45 0
311 -9 -1 45 0
311 -9 0 45 0
311 -9 1 45 0
311 -9 2 45 0
311 -9 4 45 0
311 -9 5 45 0
311 -9 6 45 0
311 -9 7 45 0
311 -9 8 45 0
311 -9 9 45 0
311 -9 10 45 0
308 -9 11 45 0
307 5 -15 45 0
306 5 11 45 0
314 3 11 5 0
314 1 -15 5 0
314 -2 -15 25 0
314 2 11 25 0
315 -9 3 5 0
315 -9 -5 5 0
315 -9 -10 25 0
315 -9 -1 25 0
315 5 5 25 0
315 -9 8 25 0
315 5 -5 25 0
314 -6 11 5 0
310 -8 -8 45 0
310 -7 -8 45 0
310 -6 -8 45 0
310 -5 -8 45 0
310 -4 -8 45 0
310 1 -8 45 0
310 2 -8 45 0
310 3 -8 45 0
310 4 -8 45 0
310 5 -8 45 0
312 0 -8 45 0
307 -3 -8 45 0
315 -9 -10 45 0
315 5 -9 45 0
315 5 1 45 0
315 -9 3 45 0
315 5 9 45 0
314 1 -15 45 0
314 -6 11 45 0
314 2 11 45 0
310 -1 11 45 0
310 4 11 45 0
1444 6 -15 62 0
1444 6 -14 62 0
1444 6 -13 62 0
1444 6 -12 62 0
1444 6 -11 62 0
1444 6 -10 62 0
1444 6 -9 62 0
1444 6 -8 62 0
1444 6 -7 62 0
1444 6 -6 62 0
1444 6 -5 62 0
1444 6 -4 62 0
1444 6 -3 62 0
1444 6 -2 62 0
1444 6 -1 62 0
1444 6 0 62 0
1444 6 1 62 0
1444 6 2 62 0
1444 6 3 62 0
1444 6 4 62 0
1444 6 5 62 0
1444 6 6 62 0
1444 6 7 62 0
1444 6 8 62 0
1444 6 9 62 0
1444 6 10 62 0
1444 6 11 62 0
1444 5 -15 65 0
1444 5 -14 65 0
1444 5 -13 65 0
1444 5 -12 65 0
1444 5 -11 65 0
1444 5 -10 65 0
1444 5 -9 65 0
1444 5 -8 65 0
1444 5 -7 65 0
1444 5 -6 65 0
1444 5 -5 65 0
1444 5 -4 65 0
1444 5 -3 65 0
1444 5 -2 65 0
1444 5 -1 65 0
1444 5 0 65 0
1444 5 1 65 0
1444 5 2 65 0
1444 5 3 65 0
1444 5 4 65 0
1444 5 5 65 0
1444 5 6 65 0
1444 5 7 65 0
1444 5 8 65 0
1444 5 9 65 0
1444 5 10 65 0
1444 5 11 65 0
1444 4 -15 68 0
1444 4 -14 68 0
1444 4 -13 68 0
1444 4 -12 68 0
1444 4 -11 68 0
1444 4 -10 68 0
1444 4 -9 68 0
1444 4 -8 68 0
1444 4 -7 68 0
1444 4 -6 68 0
1444 4 -5 68 0
1444 4 -4 68 0
1444 4 -3 68 0
1444 4 -2 68 0
1444 4 -1 68 0
1444 4 0 68 0
1444 4 1 68 0
1444 4 2 68 0
1444 4 3 68 0
1444 4 4 68 0
1444 4 5 68 0
1444 4 6 68 0
1444 4 7 68 0
1444 4 8 68 0
1444 4 9 68 0
1444 4 10 68 0
1444 4 11 68 0
1444 3 -15 71 0
1444 3 -14 71 0
1444 3 -13 71 0
1444 3 -12 71 0
1444 3 -11 71 0
1444 3 -10 71 0
1444 3 -9 71 0
1444 3 -8 71 0
1444 3 -7 71 0
1444 3 -6 71 0
1444 3 -5 71 0
1444 3 -4 71 0
1444 3 -3 71 0
1444 3 -2 71 0
1444 3 -1 71 0
1444 3 0 71 0
1444 3 1 71 0
1444 3 2 71 0
1444 3 3 71 0
1444 3 4 71 0
1444 3 5 71 0
1444 3 6 71 0
1444 3 7 71 0
1444 3 8 71 0
1444 3 9 71 0
1444 3 10 71 0
1444 3 11 71 0
1444 2 -15 74 0
1444 2 -14 74 0
1444 2 -13 74 0
1444 2 -12 74 0
1444 2 -11 74 0
1444 2 -10 74 0
1444 2 -9 74 0
1444 2 -8 74 0
1444 2 -7 74 0
1444 2 -6 74 0
1444 2 -5 74 0
1444 2 -4 74 0
1444 2 -3 74 0
1444 2 -2 74 0
1444 2 -1 74 0
1444 2 0 74 0
1444 2 1 74 0
1444 2 2 74 0
1444 2 3 74 0
1444 2 4 74 0
1444 2 5 74 0
1444 2 6 74 0
1444 2 7 74 0
1444 2 8 74 0
1444 2 9 74 0
1444 2 10 74 0
1444 2 11 74 0
1444 1 -15 77 0
1444 1 -14 77 0
1444 1 -13 77 0
1444 1 -12 77 0
1444 1 -11 77 0
1444 1 -10 77 0
1444 1 -9 77 0
1444 1 -8 77 0
1444 1 -7 77 0
1444 1 -6 77 0
1444 1 -5 77 0
1444 1 -4 77 0
1444 1 -3 77 0
1444 1 -2 77 0
1444 1 -1 77 0
1444 1 0 77 0
1444 1 1 77 0
1444 1 2 77 0
1444 1 3 77 0
1444 1 4 77 0
1444 1 5 77 0
1444 1 6 77 0
1444 1 7 77 0
1444 1 8 77 0
1444 1 9 77 0
1444 1 10 77 0
1444 1 11 77 0
1444 0 -15 80 0
1444 0 -14 80 0
1444 0 -13 80 0
1444 0 -12 80 0
1444 0 -11 80 0
1444 0 -10 80 0
1444 0 -9 80 0
1444 0 -8 80 0
1444 0 -7 80 0
1444 0 -6 80 0
1444 0 -5 80 0
1444 0 -4 80 0
1444 0 -3 80 0
1444 0 -2 80 0
1444 0 -1 80 0
1444 0 0 80 0
1444 0 1 80 0
1444 0 2 80 0
1444 0 3 80 0
1444 0 4 80 0
1444 0 5 80 0
1444 0 6 80 0
1444 0 7 80 0
1444 0 8 80 0
1444 0 9 80 0
1444 0 10 80 0
1444 0 11 80 0
1445 -1 11 83 0
1445 -1 10 83 0
1445 -1 9 83 0
1445 -1 8 83 0
1445 -1 7 83 0
1445 -1 6 83 0
1445 -1 5 83 0
1445 -1 4 83 0
1445 -1 3 83 0
1445 -1 2 83 0
1445 -1 -15 83 0
1445 -1 -14 83 0
1445 -1 -13 83 0
1445 -1 -12 83 0
1445 -1 1 83 0
1445 -1 0 83 0
1445 -1 -1 83 0
1445 -1 -2 83 0
1445 -1 -3 83 0
1445 -1 -4 83 0
1445 -1 -5 83 0
1445 -1 -11 83 0
1445 -1 -10 83 0
1445 -1 -9 83 0
1445 -1 -8 83 0
1445 -1 -7 83 0
1445 -1 -6 83 0
1446 -2 11 80 0
1446 -2 10 80 0
1446 -2 9 80 0
1446 -2 8 80 0
1446 -2 7 80 0
1446 -2 6 80 0
1446 -2 5 80 0
1446 -2 4 80 0
1446 -2 3 80 0
1446 -2 -15 80 0
1446 -2 -14 80 0
1446 -2 -13 80 0
1446 -2 -12 80 0
1446 -2 -11 80 0
1446 -2 -10 80 0
1446 -2 -9 80 0
1446 -2 -8 80 0
1446 -2 -7 80 0
1446 -2 -6 80 0
1446 -2 -5 80 0
1446 -2 -4 80 0
1446 -2 -3 80 0
1446 -2 -2 80 0
1446 -2 -1 80 0
1446 -2 0 80 0
1446 -2 1 80 0
1446 -2 2 80 0
1446 -3 11 77 0
1446 -3 10 77 0
1446 -3 9 77 0
1446 -3 8 77 0
1446 -3 7 77 0
1446 -3 6 77 0
1446 -3 5 77 0
1446 -3 4 77 0
1446 -3 3 77 0
1446 -3 2 77 0
1446 -3 1 77 0
1446 -3 0 77 0
1446 -3 -15 77 0
1446 -3 -14 77 0
1446 -3 -13 77 0
1446 -3 -12 77 0
1446 -4 -15 74 0
1446 -4 -14 74 0
1446 -4 -13 74 0
1446 -4 -12 74 0
1446 -5 -15 71 0
1446 -5 -14 71 0
1446 -5 -13 71 0
1446 -5 -12 71 0
1446 -4 -11 74 0
1446 -3 -11 77 0
1446 -3 -10 77 0
1446 -3 -9 77 0
1446 -3 -8 77 0
1446 -3 -7 77 0
1446 -3 -6 77 0
1446 -3 -5 77 0
1446 -3 -4 77 0
1446 -3 -3 77 0
1446 -3 -2 77 0
1446 -3 -1 77 0
1446 -4 -10 74 0
1446 -4 -9 74 0
1446 -4 -8 74 0
1446 -4 -7 74 0
1446 -4 -6 74 0
1446 -4 -5 74 0
1446 -4 -4 74 0
1446 -4 -3 74 0
1446 -4 -2 74 0
1446 -4 -1 74 0
1446 -4 0 74 0
1446 -4 1 74 0
1446 -4 2 74 0
1446 -4 3 74 0
1446 -4 4 74 0
1446 -5 -11 71 0
1446 -5 -10 71 0
1446 -5 -9 71 0
1446 -5 -8 71 0
1446 -5 -7 71 0
1446 -5 -6 71 0
1446 -5 -5 71 0
1446 -5 -4 71 0
1446 -5 -3 71 0
1446 -5 -2 71 0
1446 -5 -1 71 0
1446 -5 0 71 0
1446 -5 1 71 0
1446 -5 2 71 0
1446 -5 3 71 0
1446 -5 4 71 0
1446 -8 -15 62 0
1446 -7 -15 65 0
1446 -6 -15 68 0
1446 -6 -14 68 0
1446 -7 -14 65 0
1446 -8 -14 62 0
1446 -6 -13 68 0
1446 -7 -13 65 0
1446 -8 -13 62 0
1446 -6 -12 68 0
1446 -7 -12 65 0
1446 -8 -12 62 0
1446 -6 -11 68 0
1446 -7 -11 65 0
1446 -8 -11 62 0
1446 -6 -10 68 0
1446 -6 -9 68 0
1446 -6 -8 68 0
1446 -6 -7 68 0
1446 -6 -6 68 0
1446 -6 -5 68 0
1446 -7 -10 65 0
1446 -7 -9 65 0
1446 -7 -8 65 0
1446 -7 -7 65 0
1446 -7 -6 65 0
1446 -7 -5 65 0
1446 -8 -10 62 0
1446 -8 -9 62 0
1446 -8 -8 62 0
1446 -8 -7 62 0
1446 -8 -6 62 0
1446 -8 -5 62 0
1446 -8 -4 62 0
1446 -7 -4 65 0
1446 -6 -4 68 0
1446 -6 -3 68 0
1446 -7 -3 65 0
1446 -8 -3 62 0
1446 -6 -2 68 0
1446 -7 -2 65 0
1446 -8 -2 62 0
1446 -6 -1 68 0
1446 -7 -1 65 0
1446 -8 -1 62 0
1446 -6 0 68 0
1446 -7 0 65 0
1446 -8 0 62 0
1446 -6 1 68 0
1446 -7 1 65 0
1446 -8 1 62 0
1446 -6 2 68 0
1446 -7 2 65 0
1446 -8 2 62 0
1446 -6 3 68 0
1446 -7 3 65 0
1446 -8 3 62 0
1446 -6 4 68 0
1446 -7 4 65 0
1446 -8 4 62 0
1446 -8 5 62 0
1446 -7 5 65 0
1446 -5 6 71 0
1446 -4 6 74 0
1446 -4 5 74 0
1446 -6 5 68 0
1446 -5 5 71 0
1446 -6 6 68 0
1446 -7 6 65 0
1446 -8 6 62 0
1446 -4 7 74 0
1446 -5 7 71 0
1446 -6 7 68 0
1446 -7 7 65 0
1446 -8 7 62 0
1446 -8 8 62 0
1446 -8 9 62 0
1446 -8 10 62 0
1446 -8 11 62 0
1446 -4 11 74 0
1446 -4 10 74 0
1446 -4 9 74 0
1446 -4 8 74 0
1446 -5 8 71 0
1446 -5 9 71 0
1446 -5 10 71 0
1446 -5 11 71 0
1446 -6 11 68 0
1446 -6 10 68 0
1446 -6 9 68 0
1446 -6 8 68 0
1446 -7 8 65 0
1446 -7 9 65 0
1446 -7 10 65 0
1446 -7 11 65 0
1446 -9 -15 59 0
1446 -9 -14 59 0
1446 -9 -13 59 0
1446 -9 -12 59 0
1446 -9 -11 59 0
1446 -9 -10 59 0
1446 -9 -9 59 0
1446 -9 -8 59 0
1446 -9 -7 59 0
1446 -9 -6 59 0
1446 -9 -5 59 0
1446 -9 -4 59 0
1446 -9 -3 59 0
1446 -9 -2 59 0
1446 -9 -1 59 0
1446 -9 0 59 0
1446 -9 1 59 0
1446 -9 2 59 0
1446 -9 3 59 0
1446 -9 4 59 0
1446 -9 5 59 0
1446 -9 6 59 0
1446 -9 7 59 0
1446 -9 8 59 0
1446 -9 9 59 0
1446 -9 10 59 0
1446 -9 11 59 0
1444 0 12 82 0
1444 1 12 78 0
1444 2 12 75 0
1444 3 12 72 0
1444 4 12 68 0
1444 5 12 66 0
1444 6 12 62 0
1445 -1 12 83 0
1446 -9 12 59 0
1446 -8 12 62 0
1446 -7 12 65 0
1446 -6 12 68 0
1446 -5 12 71 0
1446 -4 12 74 0
1446 -3 12 77 0
1446 -2 12 80 0
88 -1 11 65 0
88 -2 11 65 0
88 0 11 65 0
95 -3 11 65 0
95 -4 11 65 0
95 -5 11 65 0
95 1 11 65 0
95 2 11 65 0
95 3 11 65 0
95 4 11 65 0
99 -6 11 65 0
1703 -1 -8 45 0
1701 -2 -8 45 0
1709 -1 0 25 0
1709 -1 8 25 0
1711 -1 -1 25 0
1711 -1 7 25 0
1713 -3 -12 5 0
1713 -3 -2 5 0
1713 -3 -7 5 0
1701 -2 11 5 0
1703 -1 11 5 0
2968 -5 12 5 0
3026 -5 12 5 0
