6 version
0 template id
-1 item version
2601 num components
1997 -4 -7 4 0
1997 -4 -6 4 0
1997 -4 -5 4 0
1997 -4 -4 4 0
1997 -4 -3 4 0
1997 -4 -2 4 0
1997 -4 -1 4 0
1997 -4 0 4 0
1997 -4 1 4 0
1997 -4 2 4 0
1997 -4 3 4 0
1997 -4 4 4 0
1997 -4 5 4 0
1997 -4 6 4 0
1997 -3 -7 4 0
1997 -3 -6 4 0
1997 -3 -5 4 0
1997 -3 -4 4 0
1997 -3 -3 4 0
1997 -3 -2 4 0
1997 -3 -1 4 0
1997 -3 0 4 0
1997 -3 1 4 0
1997 -3 2 4 0
1997 -3 3 4 0
1997 -3 4 4 0
1997 -3 5 4 0
1997 -3 6 4 0
1997 -2 -7 4 0
1997 -2 -6 4 0
1997 -2 -5 4 0
1997 -2 -4 4 0
1997 -2 -3 4 0
1997 -2 -2 4 0
1997 -2 -1 4 0
1997 -2 0 4 0
1997 -2 1 4 0
1997 -2 2 4 0
1997 -2 3 4 0
1997 -2 4 4 0
1997 -2 5 4 0
1997 -2 6 4 0
1997 -1 -7 4 0
1997 -1 -6 4 0
1997 -1 -5 4 0
1997 -1 -4 4 0
1997 -1 -3 4 0
1997 -1 -2 4 0
1997 -1 -1 4 0
1997 -1 0 4 0
1997 -1 1 4 0
1997 -1 2 4 0
1997 -1 3 4 0
1997 -1 4 4 0
1997 -1 5 4 0
1997 -1 6 4 0
1997 0 -7 4 0
1997 0 -6 4 0
1997 0 -5 4 0
1997 0 -4 4 0
1997 0 -3 4 0
1997 0 -2 4 0
1997 0 -1 4 0
1997 0 0 4 0
1997 0 1 4 0
1997 0 2 4 0
1997 0 3 4 0
1997 0 4 4 0
1997 0 5 4 0
1997 0 6 4 0
1997 1 -7 4 0
1997 1 -6 4 0
1997 1 -5 4 0
1997 1 -4 4 0
1997 1 -3 4 0
1997 1 -1 4 0
1997 1 0 4 0
1997 1 1 4 0
1997 1 2 4 0
1997 1 3 4 0
1997 1 4 4 0
1997 1 5 4 0
1997 1 6 4 0
1997 2 -7 4 0
1997 2 -6 4 0
1997 2 -5 4 0
1997 2 -4 4 0
1997 2 -3 4 0
1997 2 -2 4 0
1997 2 -1 4 0
1997 2 0 4 0
1997 2 1 4 0
1997 2 2 4 0
1997 2 3 4 0
1997 2 4 4 0
1997 2 5 4 0
1997 2 6 4 0
1997 3 -7 4 0
1997 3 -6 4 0
1997 3 -5 4 0
1997 3 -4 4 0
1997 3 -3 4 0
1997 3 -2 4 0
1997 3 -1 4 0
1997 3 0 4 0
1997 3 1 4 0
1997 3 2 4 0
1997 3 3 4 0
1997 3 4 4 0
1997 3 5 4 0
1997 3 6 4 0
1997 4 -7 4 0
1997 4 -6 4 0
1997 4 -5 4 0
1997 4 -4 4 0
1997 4 -3 4 0
1997 4 -2 4 0
1997 4 0 4 0
1997 4 1 4 0
1997 4 2 4 0
1997 4 3 4 0
1997 4 4 4 0
1997 4 5 4 0
1997 4 6 4 0
1997 5 -7 4 0
1997 5 -6 4 0
1997 5 -5 4 0
1997 5 -4 4 0
1997 5 -3 4 0
1997 5 -2 4 0
1997 5 -1 4 0
1997 5 0 4 0
1997 5 1 4 0
1997 5 2 4 0
1997 5 3 4 0
1997 5 4 4 0
1997 5 5 4 0
1997 5 6 4 0
1997 6 -7 4 0
1997 6 -6 4 0
1997 6 -5 4 0
1997 6 -4 4 0
1997 6 -3 4 0
1997 6 -2 4 0
1997 6 -1 4 0
1997 6 0 4 0
1997 6 2 4 0
1997 6 3 4 0
1997 6 4 4 0
1997 6 5 4 0
1997 6 6 4 0
1997 7 -7 4 0
1997 7 -6 4 0
1997 7 -5 4 0
1997 7 -4 4 0
1997 7 -3 4 0
1997 7 -2 4 0
1997 7 -1 4 0
1997 7 0 4 0
1997 7 1 4 0
1997 7 2 4 0
1997 7 3 4 0
1997 7 4 4 0
1997 7 5 4 0
1997 7 6 4 0
1997 -3 7 4 0
1997 -3 8 4 0
1997 -3 9 4 0
1997 -3 10 4 0
1997 -3 11 4 0
1997 -3 12 4 0
1997 -3 13 4 0
1997 -3 14 4 0
1997 -3 15 4 0
1997 -3 16 4 0
1997 -3 17 4 0
1997 -2 7 4 0
1997 -2 8 4 0
1997 -2 9 4 0
1997 -2 10 4 0
1997 -2 11 4 0
1997 -2 12 4 0
1997 -2 13 4 0
1997 -2 14 4 0
1997 -2 15 4 0
1997 -2 16 4 0
1997 -2 17 4 0
1997 -1 7 4 0
1997 -1 8 4 0
1997 -1 9 4 0
1997 -1 10 4 0
1997 -1 11 4 0
1997 -1 12 4 0
1997 -1 13 4 0
1997 -1 14 4 0
1997 -1 15 4 0
1997 -1 16 4 0
1997 -1 17 4 0
1997 0 7 4 0
1997 0 8 4 0
1997 0 9 4 0
1997 0 10 4 0
1997 0 11 4 0
1997 0 12 4 0
1997 0 13 4 0
1997 0 14 4 0
1997 0 15 4 0
1997 0 16 4 0
1997 0 17 4 0
1997 1 7 4 0
1997 1 8 4 0
1997 1 9 4 0
1997 1 10 4 0
1997 1 11 4 0
1997 1 12 4 0
1997 1 13 4 0
1997 1 14 4 0
1997 1 15 4 0
1997 1 16 4 0
1997 1 17 4 0
1993 8 2 4 0
1993 8 3 4 0
1993 8 4 4 0
1993 8 5 4 0
1993 8 6 4 0
1993 9 2 4 0
1993 9 3 4 0
1993 9 4 4 0
1993 9 5 4 0
1993 9 6 4 0
1993 10 2 4 0
1993 10 3 4 0
1993 10 4 4 0
1993 10 5 4 0
1993 10 6 4 0
1993 11 2 4 0
1993 11 3 4 0
1993 11 4 4 0
1993 11 5 4 0
1993 11 6 4 0
1993 12 2 4 0
1993 12 3 4 0
1993 12 4 4 0
1993 12 5 4 0
1993 12 6 4 0
1993 13 2 4 0
1993 13 3 4 0
1993 13 4 4 0
1993 13 5 4 0
1993 13 6 4 0
1993 14 2 4 0
1993 14 3 4 0
1993 14 4 4 0
1993 14 5 4 0
1993 14 6 4 0
1993 15 2 4 0
1993 15 3 4 0
1993 15 4 4 0
1993 15 5 4 0
1993 15 6 4 0
1993 16 2 4 0
1993 16 3 4 0
1993 16 4 4 0
1993 16 5 4 0
1993 16 6 4 0
1993 8 -7 4 0
1993 8 -6 4 0
1993 8 -5 4 0
1993 9 -7 4 0
1993 9 -6 4 0
1993 9 -5 4 0
1993 9 -4 4 0
1993 10 -7 4 0
1993 10 -6 4 0
1993 10 -5 4 0
1993 10 -4 4 0
1993 11 -7 4 0
1993 11 -6 4 0
1993 11 -5 4 0
1993 11 -4 4 0
1993 12 -7 4 0
1993 12 -6 4 0
1993 12 -5 4 0
1993 12 -4 4 0
1993 13 -7 4 0
1993 13 -6 4 0
1993 13 -5 4 0
1993 13 -4 4 0
1993 14 -6 4 0
1993 14 -5 4 0
1993 14 -4 4 0
1993 15 -7 4 0
1993 15 -6 4 0
1993 15 -5 4 0
1993 15 -4 4 0
1993 16 -7 4 0
1993 16 -6 4 0
1993 16 -5 4 0
1993 16 -4 4 0
1993 14 -7 4 0
3821 3 2 4 0
6845 -1 0 4 0
6841 1 -2 4 0
1207 -4 -7 29 0
1207 -4 -6 29 0
1207 -4 -5 29 0
1207 -4 -4 29 0
1207 -4 -3 29 0
1207 -4 -2 29 0
1207 -4 -1 29 0
1207 -4 0 29 0
1207 -3 -7 29 0
1207 -3 -6 29 0
1207 -3 -5 29 0
1207 -3 -4 29 0
1207 -3 -3 29 0
1207 -3 -2 29 0
1207 -3 -1 29 0
1207 -3 0 29 0
1207 -2 -7 29 0
1207 -2 -6 29 0
1207 -2 -5 29 0
1207 -2 -4 29 0
1207 -2 -3 29 0
1207 -2 -2 29 0
1207 -2 -1 29 0
1207 -2 0 29 0
1207 -1 -7 29 0
1207 -1 -6 29 0
1207 -1 -5 29 0
1207 -1 -4 29 0
1207 -1 -3 29 0
1207 -1 -2 29 0
1207 -1 -1 29 0
1207 -1 0 29 0
1207 0 -7 29 0
1207 0 -6 29 0
1207 0 -5 29 0
1207 0 -4 29 0
1207 0 -3 29 0
1207 0 -2 29 0
1207 0 -1 29 0
1207 0 0 29 0
1207 1 -7 29 0
1207 1 -6 29 0
1207 1 -5 29 0
1207 1 -4 29 0
1207 1 -3 29 0
1207 1 -2 29 0
1207 1 -1 29 0
1207 1 0 29 0
1207 2 -7 29 0
1207 2 -6 29 0
1207 2 -5 29 0
1207 2 -4 29 0
1207 2 -3 29 0
1207 2 -2 29 0
1207 2 -1 29 0
1207 2 0 29 0
7 -4 0 29 0
7 -3 0 29 0
7 -1 0 29 0
7 0 0 29 0
7 1 0 29 0
6 2 0 29 0
8 2 -7 29 0
8 2 -6 29 0
8 2 -5 29 0
8 2 -3 29 0
147 2 0 2 0
147 2 0 8 0
8 2 -2 29 0
8 2 -1 29 0
1193 -4 -7 49 0
1193 -4 -6 49 0
1193 -4 -5 49 0
1193 -4 -4 49 0
1193 -4 -3 49 0
1193 -4 -2 49 0
1193 -4 -1 49 0
1193 -4 0 49 0
1193 -3 -7 49 0
1193 -3 -6 49 0
1193 -3 -5 49 0
1193 -3 -4 49 0
1193 -3 -3 49 0
1193 -3 -2 49 0
1193 -3 -1 49 0
1193 -3 0 49 0
1193 -2 -7 49 0
1193 -2 -6 49 0
1193 -2 -5 49 0
1193 -2 -4 49 0
1193 -2 -3 49 0
1193 -2 -2 49 0
1193 -2 -1 49 0
1193 -2 0 49 0
1193 -1 -7 49 0
1193 -1 -6 49 0
1193 -1 -5 49 0
1193 -1 -4 49 0
1193 -1 -3 49 0
1193 -1 -2 49 0
1193 -1 -1 49 0
1193 -1 0 49 0
1193 0 -7 49 0
1193 0 -6 49 0
1193 0 -5 49 0
1193 0 -4 49 0
1193 0 -3 49 0
1193 0 -2 49 0
1193 0 -1 49 0
1193 0 0 49 0
1193 1 -7 49 0
1193 1 -6 49 0
1193 1 -5 49 0
1193 1 -4 49 0
1193 1 -3 49 0
1193 1 -2 49 0
1193 1 -1 49 0
1193 1 0 49 0
1193 2 -7 49 0
1193 2 -6 49 0
1193 2 -5 49 0
1193 2 -4 49 0
1193 2 -3 49 0
1193 2 -2 49 0
1193 2 -1 49 0
1193 2 0 49 0
7 -4 0 49 0
7 -3 0 49 0
7 -1 0 49 0
7 0 0 49 0
7 1 0 49 0
8 2 -7 49 0
8 2 -6 49 0
8 2 -5 49 0
8 2 -3 49 0
8 2 -2 49 0
8 2 -1 49 0
6 2 0 49 0
1206 -4 -7 69 0
1206 -4 -6 69 0
1206 -4 -5 69 0
1206 -4 -4 69 0
1206 -4 -3 69 0
1206 -4 -2 69 0
1206 -4 -1 69 0
1206 -4 0 69 0
1206 -3 -7 69 0
1206 -3 -6 69 0
1206 -3 -5 69 0
1206 -3 -4 69 0
1206 -3 -3 69 0
1206 -3 -2 69 0
1206 -3 -1 69 0
1206 -3 0 69 0
1206 -2 -7 69 0
1206 -2 -6 69 0
1206 -2 -5 69 0
1206 -2 -4 69 0
1206 -2 -3 69 0
1206 -2 -2 69 0
1206 -2 -1 69 0
1206 -2 0 69 0
1206 -1 -7 69 0
1206 -1 -6 69 0
1206 -1 -5 69 0
1206 -1 -4 69 0
1206 -1 -3 69 0
1206 -1 -2 69 0
1206 -1 -1 69 0
1206 -1 0 69 0
1206 0 -7 69 0
1206 0 -6 69 0
1206 0 -5 69 0
1206 0 -4 69 0
1206 0 -3 69 0
1206 0 -2 69 0
1206 0 -1 69 0
1206 0 0 69 0
1206 1 -7 69 0
1206 1 -6 69 0
1206 1 -5 69 0
1206 1 -4 69 0
1206 1 -3 69 0
1206 1 -2 69 0
1206 1 -1 69 0
1206 1 0 69 0
1206 2 -7 69 0
1206 2 -6 69 0
1206 2 -5 69 0
1206 2 -4 69 0
1206 2 -3 69 0
1206 2 -2 69 0
1206 2 -1 69 0
1206 2 0 69 0
22 -3 0 69 0
22 -1 0 69 0
22 1 0 69 0
21 2 -7 69 0
21 2 -5 69 0
21 2 -3 69 0
21 2 -1 69 0
16 2 0 69 0
17 2 -2 69 0
17 2 -4 69 0
17 2 -6 69 0
18 0 0 69 0
18 -2 0 69 0
18 -4 0 69 0
14 -2 0 29 0
14 -2 0 49 0
15 2 -4 49 0
15 2 -4 29 0
1993 8 -4 4 0
1997 6 1 4 0
3544 -1 9 5 0
3544 7 -4 5 0
3538 11 3 5 0
3539 11 4 5 0
3540 11 5 5 0
3536 12 4 5 0
3541 12 5 5 0
3537 12 3 5 0
1997 4 -1 4 0
1997 1 -2 4 0
942 7 6 0 0
942 16 6 0 0
942 16 2 0 0
942 16 -4 0 0
942 16 -7 0 0
942 -3 17 0 0
942 1 17 0 0
940 16 2 6 0
938 16 6 6 0
937 16 3 6 0
937 16 4 6 0
937 16 5 6 0
937 16 6 6 0
940 16 -7 6 0
938 16 -4 6 0
937 16 -6 6 0
937 16 -5 6 0
934 -2 17 6 0
934 -1 17 6 0
934 0 17 6 0
939 -3 17 6 0
938 1 17 6 0
940 7 -3 6 0
938 7 1 6 0
937 7 -2 6 0
937 7 -1 6 0
937 7 0 6 0
934 3 6 6 0
934 4 6 6 0
934 5 6 6 0
934 6 6 6 0
939 2 6 6 0
938 7 6 6 0
938 -4 6 6 0
942 7 -3 0 0
942 2 6 0 0
942 7 1 0 0
942 -4 6 0 0
1663 -9 -15 69 0
1661 -9 -14 69 0
1655 -11 -12 69 0
1653 -12 -12 69 0
1677 -11 -16 8 0
1669 -13 -14 8 0
1711 -6 -8 9 0
1997 -14 -8 4 0
1997 -13 -8 4 0
1997 -12 -8 4 0
1997 -11 -8 4 0
1997 -10 -8 4 0
1997 -9 -8 4 0
1997 -8 -8 4 0
1997 -7 -8 4 0
1997 -6 -8 4 0
1997 -5 -8 4 0
1997 -14 -17 4 0
1997 -14 -16 4 0
1997 -14 -15 4 0
1997 -14 -14 4 0
1997 -14 -13 4 0
1997 -14 -12 4 0
1997 -14 -11 4 0
1997 -14 -10 4 0
1997 -14 -9 4 0
1997 -13 -17 4 0
1997 -13 -16 4 0
1997 -13 -15 4 0
1997 -13 -14 4 0
1997 -13 -13 4 0
1997 -13 -12 4 0
1997 -13 -11 4 0
1997 -13 -10 4 0
1997 -13 -9 4 0
1997 -12 -17 4 0
1997 -12 -16 4 0
1997 -12 -15 4 0
1997 -12 -14 4 0
1997 -12 -13 4 0
1997 -12 -12 4 0
1997 -12 -11 4 0
1997 -12 -10 4 0
1997 -12 -9 4 0
1997 -11 -17 4 0
1997 -11 -16 4 0
1997 -11 -15 4 0
1997 -11 -14 4 0
1997 -11 -13 4 0
1997 -11 -12 4 0
1997 -11 -11 4 0
1997 -11 -10 4 0
1997 -11 -9 4 0
1997 -10 -17 4 0
1997 -10 -16 4 0
1997 -10 -15 4 0
1997 -10 -14 4 0
1997 -10 -13 4 0
1997 -10 -12 4 0
1997 -10 -11 4 0
1997 -10 -10 4 0
1997 -10 -9 4 0
1997 -9 -17 4 0
1997 -9 -16 4 0
1997 -9 -15 4 0
1997 -9 -14 4 0
1997 -9 -13 4 0
1997 -9 -12 4 0
1997 -9 -11 4 0
1997 -9 -10 4 0
1997 -9 -9 4 0
1997 -8 -17 4 0
1997 -8 -16 4 0
1997 -8 -15 4 0
1997 -8 -14 4 0
1997 -8 -13 4 0
1997 -8 -12 4 0
1997 -8 -11 4 0
1997 -8 -10 4 0
1997 -8 -9 4 0
1997 -7 -17 4 0
1997 -7 -16 4 0
1997 -7 -15 4 0
1997 -7 -14 4 0
1997 -7 -13 4 0
1997 -7 -12 4 0
1997 -7 -11 4 0
1997 -7 -10 4 0
1997 -7 -9 4 0
1997 -6 -17 4 0
1997 -6 -16 4 0
1997 -6 -15 4 0
1997 -6 -14 4 0
1997 -6 -13 4 0
1997 -6 -12 4 0
1997 -6 -11 4 0
1997 -6 -10 4 0
1997 -6 -9 4 0
1997 -5 -17 4 0
1997 -5 -16 4 0
1997 -5 -15 4 0
1997 -5 -14 4 0
1997 -5 -13 4 0
1997 -5 -12 4 0
1997 -5 -11 4 0
1997 -5 -10 4 0
1997 -5 -9 4 0
22 -5 -10 4 0
21 -6 -9 4 0
21 -6 -8 4 0
22 -14 -18 4 0
22 -13 -18 4 0
22 -12 -18 4 0
22 -11 -18 4 0
22 -10 -18 4 0
22 -9 -18 4 0
22 -8 -18 4 0
22 -7 -18 4 0
22 -6 -18 4 0
22 -5 -18 4 0
21 -15 -17 4 0
21 -15 -16 4 0
21 -15 -15 4 0
21 -15 -14 4 0
21 -15 -13 4 0
21 -15 -12 4 0
21 -15 -11 4 0
21 -15 -10 4 0
21 -15 -9 4 0
21 -15 -8 4 0
1195 -14 -9 9 0
1195 -14 -8 9 0
1195 -13 -9 9 0
1195 -13 -8 9 0
1195 -12 -9 9 0
1195 -12 -8 9 0
1195 -11 -9 9 0
1195 -11 -8 9 0
1195 -10 -9 9 0
1195 -10 -8 9 0
1195 -9 -9 9 0
1195 -9 -8 9 0
1195 -8 -9 9 0
1195 -8 -8 9 0
1195 -7 -9 9 0
1195 -7 -8 9 0
1195 -6 -9 9 0
1195 -6 -8 9 0
1195 -14 -17 9 0
1195 -14 -16 9 0
1195 -14 -15 9 0
1195 -14 -14 9 0
1195 -14 -13 9 0
1195 -14 -12 9 0
1195 -14 -11 9 0
1195 -14 -10 9 0
1195 -13 -17 9 0
1195 -13 -16 9 0
1195 -13 -15 9 0
1195 -13 -14 9 0
1195 -13 -13 9 0
1195 -13 -12 9 0
1195 -13 -11 9 0
1195 -13 -10 9 0
1195 -12 -17 9 0
1195 -12 -16 9 0
1195 -12 -15 9 0
1195 -12 -14 9 0
1195 -12 -13 9 0
1195 -12 -12 9 0
1195 -12 -11 9 0
1195 -12 -10 9 0
1195 -11 -17 9 0
1195 -11 -16 9 0
1195 -11 -15 9 0
1195 -11 -14 9 0
1195 -11 -13 9 0
1195 -11 -12 9 0
1195 -11 -11 9 0
1195 -11 -10 9 0
1195 -10 -17 9 0
1195 -10 -16 9 0
1195 -10 -15 9 0
1195 -10 -14 9 0
1195 -10 -13 9 0
1195 -10 -12 9 0
1195 -10 -11 9 0
1195 -10 -10 9 0
1195 -9 -17 9 0
1195 -9 -16 9 0
1195 -9 -15 9 0
1195 -9 -14 9 0
1195 -9 -13 9 0
1195 -9 -12 9 0
1195 -9 -11 9 0
1195 -9 -10 9 0
1195 -8 -17 9 0
1195 -8 -16 9 0
1195 -8 -15 9 0
1195 -8 -14 9 0
1195 -8 -13 9 0
1195 -8 -12 9 0
1195 -8 -11 9 0
1195 -8 -10 9 0
1195 -7 -17 9 0
1195 -7 -16 9 0
1195 -7 -15 9 0
1195 -7 -13 9 0
1195 -7 -12 9 0
1195 -7 -11 9 0
1195 -7 -10 9 0
1195 -6 -17 9 0
1195 -6 -16 9 0
1195 -6 -15 9 0
1195 -6 -14 9 0
1195 -6 -13 9 0
1195 -6 -12 9 0
1195 -6 -11 9 0
1195 -6 -10 9 0
1195 -5 -17 9 0
1195 -5 -16 9 0
1195 -5 -15 9 0
1195 -5 -14 9 0
1195 -5 -13 9 0
1195 -5 -12 9 0
1195 -5 -11 9 0
1195 -5 -10 9 0
7 -5 -10 9 0
7 -13 -18 9 0
7 -11 -18 9 0
7 -10 -18 9 0
7 -9 -18 9 0
7 -8 -18 9 0
7 -7 -18 9 0
7 -6 -18 9 0
7 -5 -18 9 0
9 -15 -18 9 0
7 -14 -18 9 0
8 -15 -17 9 0
8 -15 -16 9 0
8 -15 -14 9 0
8 -15 -13 9 0
8 -15 -12 9 0
8 -15 -11 9 0
8 -15 -10 9 0
8 -15 -9 9 0
8 -15 -8 9 0
9 -6 -10 9 0
1195 -7 -14 9 0
13 -6 -9 9 0
1850 -5 -8 4 0
1207 -14 -9 29 0
1207 -14 -8 29 0
1207 -13 -9 29 0
1207 -13 -8 29 0
1207 -12 -9 29 0
1207 -12 -8 29 0
1207 -11 -9 29 0
1207 -11 -8 29 0
1207 -10 -9 29 0
1207 -10 -8 29 0
1207 -9 -9 29 0
1207 -9 -8 29 0
1207 -8 -9 29 0
1207 -8 -8 29 0
1207 -7 -9 29 0
1207 -7 -8 29 0
1207 -6 -9 29 0
1207 -6 -8 29 0
1207 -14 -13 29 0
1207 -14 -12 29 0
1207 -14 -11 29 0
1207 -14 -10 29 0
1207 -13 -13 29 0
1207 -13 -12 29 0
1207 -13 -11 29 0
1207 -13 -10 29 0
1207 -12 -17 29 0
1207 -12 -16 29 0
1207 -12 -13 29 0
1207 -12 -12 29 0
1207 -12 -11 29 0
1207 -12 -10 29 0
1207 -11 -17 29 0
1207 -11 -16 29 0
1207 -11 -13 29 0
1207 -11 -12 29 0
1207 -11 -11 29 0
1207 -11 -10 29 0
1207 -10 -17 29 0
1207 -10 -16 29 0
1207 -10 -13 29 0
1207 -10 -12 29 0
1207 -10 -11 29 0
1207 -10 -10 29 0
1207 -9 -17 29 0
1207 -9 -16 29 0
1207 -9 -15 29 0
1207 -9 -14 29 0
1207 -9 -13 29 0
1207 -9 -12 29 0
1207 -9 -11 29 0
1207 -9 -10 29 0
1207 -8 -17 29 0
1207 -8 -16 29 0
1207 -8 -15 29 0
1207 -8 -14 29 0
1207 -8 -13 29 0
1207 -8 -12 29 0
1207 -8 -11 29 0
1207 -8 -10 29 0
1207 -7 -17 29 0
1207 -7 -16 29 0
1207 -7 -15 29 0
1207 -7 -14 29 0
1207 -7 -13 29 0
1207 -7 -12 29 0
1207 -7 -11 29 0
1207 -7 -10 29 0
1207 -6 -17 29 0
1207 -6 -16 29 0
1207 -6 -15 29 0
1207 -6 -14 29 0
1207 -6 -13 29 0
1207 -6 -12 29 0
1207 -6 -11 29 0
1207 -6 -10 29 0
1207 -5 -17 29 0
1207 -5 -16 29 0
1207 -5 -15 29 0
1207 -5 -14 29 0
1207 -5 -13 29 0
1207 -5 -12 29 0
1207 -5 -11 29 0
1207 -5 -10 29 0
7 -14 -18 29 0
7 -13 -18 29 0
7 -11 -18 29 0
7 -10 -18 29 0
7 -9 -18 29 0
7 -8 -18 29 0
7 -7 -18 29 0
7 -6 -18 29 0
7 -5 -18 29 0
8 -15 -17 29 0
8 -15 -16 29 0
8 -15 -14 29 0
8 -15 -13 29 0
8 -15 -12 29 0
8 -15 -11 29 0
8 -15 -10 29 0
8 -15 -9 29 0
8 -15 -8 29 0
9 -15 -18 29 0
1207 -5 -9 29 0
1207 -5 -8 29 0
1193 -14 -13 49 0
1193 -14 -12 49 0
1193 -14 -11 49 0
1193 -14 -10 49 0
1193 -14 -9 49 0
1193 -14 -8 49 0
1193 -13 -13 49 0
1193 -13 -12 49 0
1193 -13 -11 49 0
1193 -13 -10 49 0
1193 -13 -9 49 0
1193 -13 -8 49 0
1193 -12 -13 49 0
1193 -12 -12 49 0
1193 -12 -11 49 0
1193 -12 -10 49 0
1193 -12 -9 49 0
1193 -12 -8 49 0
1193 -11 -17 49 0
1193 -11 -16 49 0
1193 -11 -13 49 0
1193 -11 -12 49 0
1193 -11 -11 49 0
1193 -11 -10 49 0
1193 -11 -9 49 0
1193 -11 -8 49 0
1193 -10 -17 49 0
1193 -10 -16 49 0
1193 -10 -15 49 0
1193 -10 -14 49 0
1193 -10 -13 49 0
1193 -10 -12 49 0
1193 -10 -11 49 0
1193 -10 -10 49 0
1193 -10 -9 49 0
1193 -10 -8 49 0
1193 -9 -17 49 0
1193 -9 -16 49 0
1193 -9 -15 49 0
1193 -9 -14 49 0
1193 -9 -13 49 0
1193 -9 -12 49 0
1193 -9 -11 49 0
1193 -9 -10 49 0
1193 -9 -9 49 0
1193 -9 -8 49 0
1193 -8 -17 49 0
1193 -8 -16 49 0
1193 -8 -15 49 0
1193 -8 -14 49 0
1193 -8 -13 49 0
1193 -8 -12 49 0
1193 -8 -11 49 0
1193 -8 -10 49 0
1193 -8 -9 49 0
1193 -8 -8 49 0
1193 -7 -17 49 0
1193 -7 -16 49 0
1193 -7 -15 49 0
1193 -7 -14 49 0
1193 -7 -13 49 0
1193 -7 -12 49 0
1193 -7 -11 49 0
1193 -7 -10 49 0
1193 -7 -9 49 0
1193 -7 -8 49 0
1193 -6 -17 49 0
1193 -6 -16 49 0
1193 -6 -15 49 0
1193 -6 -14 49 0
1193 -6 -13 49 0
1193 -6 -12 49 0
1193 -6 -11 49 0
1193 -6 -10 49 0
1193 -6 -9 49 0
1193 -6 -8 49 0
1193 -5 -17 49 0
1193 -5 -16 49 0
1193 -5 -15 49 0
1193 -5 -14 49 0
1193 -5 -13 49 0
1193 -5 -12 49 0
1193 -5 -11 49 0
1193 -5 -10 49 0
1193 -5 -9 49 0
1193 -5 -8 49 0
7 -13 -18 49 0
7 -11 -18 49 0
7 -10 -18 49 0
7 -9 -18 49 0
7 -8 -18 49 0
7 -7 -18 49 0
7 -6 -18 49 0
7 -5 -18 49 0
9 -15 -18 49 0
8 -15 -17 49 0
8 -15 -16 49 0
8 -15 -14 49 0
8 -15 -13 49 0
8 -15 -12 49 0
8 -15 -11 49 0
8 -15 -10 49 0
8 -15 -9 49 0
8 -15 -8 49 0
1206 -14 -13 69 0
1206 -14 -12 69 0
1206 -14 -11 69 0
1206 -14 -10 69 0
1206 -14 -9 69 0
1206 -14 -8 69 0
1206 -13 -13 69 0
1206 -13 -12 69 0
1206 -13 -11 69 0
1206 -13 -10 69 0
1206 -13 -9 69 0
1206 -13 -8 69 0
1206 -12 -15 69 0
1206 -12 -14 69 0
1206 -12 -13 69 0
1206 -12 -12 69 0
1206 -12 -11 69 0
1206 -12 -10 69 0
1206 -12 -9 69 0
1206 -12 -8 69 0
1206 -11 -15 69 0
1206 -11 -14 69 0
1206 -11 -13 69 0
1206 -11 -12 69 0
1206 -11 -11 69 0
1206 -11 -10 69 0
1206 -11 -9 69 0
1206 -11 -8 69 0
1206 -10 -17 69 0
1206 -10 -16 69 0
1206 -10 -15 69 0
1206 -10 -14 69 0
1206 -10 -13 69 0
1206 -10 -12 69 0
1206 -10 -11 69 0
1206 -10 -10 69 0
1206 -10 -9 69 0
1206 -10 -8 69 0
1206 -9 -17 69 0
1206 -9 -16 69 0
1206 -9 -15 69 0
1206 -9 -14 69 0
1206 -9 -13 69 0
1206 -9 -12 69 0
1206 -9 -11 69 0
1206 -9 -10 69 0
1206 -9 -9 69 0
1206 -9 -8 69 0
1206 -8 -17 69 0
1206 -8 -16 69 0
1206 -8 -15 69 0
1206 -8 -14 69 0
1206 -8 -13 69 0
1206 -8 -12 69 0
1206 -8 -11 69 0
1206 -8 -10 69 0
1206 -8 -9 69 0
1206 -8 -8 69 0
1206 -7 -17 69 0
1206 -7 -16 69 0
1206 -7 -15 69 0
1206 -7 -14 69 0
1206 -7 -13 69 0
1206 -7 -12 69 0
1206 -7 -11 69 0
1206 -7 -10 69 0
1206 -7 -9 69 0
1206 -7 -8 69 0
1206 -6 -17 69 0
1206 -6 -16 69 0
1206 -6 -15 69 0
1206 -6 -14 69 0
1206 -6 -13 69 0
1206 -6 -12 69 0
1206 -6 -11 69 0
1206 -6 -10 69 0
1206 -6 -9 69 0
1206 -6 -8 69 0
1206 -5 -17 69 0
1206 -5 -16 69 0
1206 -5 -15 69 0
1206 -5 -14 69 0
1206 -5 -13 69 0
1206 -5 -12 69 0
1206 -5 -11 69 0
1206 -5 -10 69 0
1206 -5 -9 69 0
1206 -5 -8 69 0
22 -8 -18 69 0
22 -6 -18 69 0
21 -15 -11 69 0
21 -15 -9 69 0
17 -15 -8 69 0
17 -15 -10 69 0
18 -7 -18 69 0
18 -5 -18 69 0
14 -12 -18 49 0
15 -15 -15 49 0
15 -15 -15 29 0
14 -12 -18 29 0
15 -15 -15 9 0
14 -12 -18 9 0
8 -9 -17 69 0
6 -9 -12 69 0
7 -14 -12 69 0
7 -13 -18 69 0
7 -12 -18 69 0
7 -11 -18 69 0
7 -10 -18 69 0
7 -9 -18 69 0
9 -15 -18 69 0
8 -15 -17 69 0
8 -15 -16 69 0
8 -15 -15 69 0
8 -15 -14 69 0
8 -15 -13 69 0
8 -15 -12 69 0
20 -9 -12 89 0
21 -9 -17 89 0
21 -9 -16 89 0
21 -9 -15 89 0
21 -9 -14 89 0
21 -9 -13 89 0
22 -14 -18 89 0
22 -13 -18 89 0
22 -12 -18 89 0
22 -11 -18 89 0
22 -10 -18 89 0
22 -9 -18 89 0
23 -15 -18 89 0
22 -14 -12 89 0
22 -13 -12 89 0
22 -11 -12 89 0
22 -10 -12 89 0
21 -15 -17 89 0
21 -15 -16 89 0
21 -15 -15 89 0
21 -15 -14 89 0
21 -15 -13 89 0
21 -15 -12 89 0
7 -14 -18 69 0
1993 -14 -17 89 0
1993 -14 -16 89 0
1993 -14 -15 89 0
1993 -14 -14 89 0
1993 -14 -13 89 0
1993 -14 -12 89 0
1993 -13 -17 89 0
1993 -13 -16 89 0
1993 -13 -15 89 0
1993 -13 -14 89 0
1993 -13 -13 89 0
1993 -13 -12 89 0
1993 -12 -17 89 0
1993 -12 -16 89 0
1993 -12 -15 89 0
1993 -12 -14 89 0
1993 -12 -13 89 0
1993 -11 -17 89 0
1993 -11 -16 89 0
1993 -11 -15 89 0
1993 -11 -14 89 0
1993 -11 -13 89 0
1993 -11 -12 89 0
1993 -10 -17 89 0
1993 -10 -16 89 0
1993 -10 -15 89 0
1993 -10 -14 89 0
1993 -10 -13 89 0
1993 -10 -12 89 0
1993 -9 -17 89 0
1993 -9 -16 89 0
1993 -9 -15 89 0
1993 -9 -14 89 0
1993 -9 -13 89 0
1993 -9 -12 89 0
3821 -11 -14 89 0
6843 -15 -18 96 0
6844 -15 -17 96 0
6845 -15 -16 89 0
6842 -14 -18 96 0
6862 -14 -17 96 0
6861 -14 -16 96 0
6847 -14 -15 96 0
6849 -14 -14 96 0
6841 -13 -18 89 0
6863 -13 -17 96 0
6859 -13 -16 96 0
6858 -13 -15 96 0
6855 -13 -14 96 0
6852 -13 -13 96 0
6820 -13 -12 96 0
6839 -12 -17 96 0
6860 -12 -16 96 0
6835 -11 -17 96 0
6832 -11 -16 96 0
6822 -11 -12 96 0
6829 -10 -16 96 0
6864 -10 -13 96 0
6823 -10 -12 96 0
6828 -9 -16 96 0
6827 -9 -15 96 0
6826 -9 -14 96 0
6825 -9 -13 96 0
6824 -9 -12 96 0
1993 -12 -12 89 0
6821 -12 -12 96 0
22 -12 -12 89 0
11 -9 -13 69 0
10 -10 -12 69 0
12 -13 -12 69 0
13 -9 -16 69 0
7 -14 -18 49 0
1850 -11 -16 49 0
1850 -11 -17 49 0
1850 -12 -17 54 0
1850 -12 -16 54 0
1848 -14 -17 55 0
1848 -14 -16 55 0
1848 -13 -16 55 0
1848 -13 -17 55 0
1851 -14 -15 59 0
1851 -13 -15 59 0
1848 -14 -14 59 0
1848 -13 -14 59 0
1851 -13 -14 64 0
1851 -14 -14 64 0
1848 -13 -15 34 0
1848 -13 -14 34 0
1852 -11 -14 44 0
1852 -11 -15 44 0
1852 -12 -15 39 0
1852 -12 -14 39 0
1848 -14 -17 30 0
1848 -13 -17 30 0
1848 -13 -16 30 0
1848 -14 -15 34 0
1848 -14 -14 34 0
1850 -12 -17 29 0
1850 -12 -16 29 0
1851 -14 -16 34 0
1851 -13 -16 34 0
1848 -13 -13 49 0
1848 -14 -13 49 0
1848 -14 -13 54 0
1848 -13 -13 54 0
1848 -13 -13 59 0
1848 -14 -13 59 0
1848 -14 -13 64 0
1848 -13 -13 64 0
1848 -14 -16 30 0
1848 -13 -17 30 0
1848 -14 -15 29 0
1848 -14 -14 29 0
1848 -13 -15 29 0
1848 -13 -14 29 0
1848 -12 -15 29 0
1848 -12 -14 29 0
1848 -11 -15 29 0
1848 -11 -14 29 0
1848 -10 -15 29 0
1848 -10 -14 29 0
1848 -14 -17 29 0
20 -14 -16 29 0
1848 -13 -17 29 0
1848 -13 -16 29 0
1848 -12 -15 34 0
1848 -12 -14 34 0
1848 -11 -15 34 0
1848 -11 -14 34 0
1848 -10 -15 34 0
1848 -10 -14 34 0
1848 -11 -15 39 0
1848 -11 -14 39 0
1848 -10 -15 39 0
1848 -10 -14 39 0
1848 -10 -15 44 0
1848 -10 -14 44 0
7 -7 -12 29 0
7 -6 -12 29 0
7 -5 -12 29 0
9 -8 -12 29 0
8 -8 -11 29 0
8 -8 -10 29 0
8 -8 -9 29 0
8 -8 -8 29 0
1981 -14 -10 49 0
1981 -14 -9 49 0
1981 -14 -8 49 0
1981 -13 -10 49 0
1981 -13 -9 49 0
1981 -13 -8 49 0
1981 -12 -10 49 0
1981 -12 -9 49 0
1981 -12 -8 49 0
1981 -11 -10 49 0
1981 -11 -9 49 0
1981 -11 -8 49 0
1981 -10 -10 49 0
1981 -10 -9 49 0
1981 -10 -8 49 0
1981 -9 -10 49 0
1981 -9 -9 49 0
1981 -9 -8 49 0
1984 -8 -11 49 0
1981 -8 -10 49 0
1981 -8 -9 49 0
1981 -8 -8 49 0
1981 -14 -11 49 0
1981 -13 -11 49 0
1981 -12 -11 49 0
1981 -11 -11 49 0
1981 -10 -11 49 0
1981 -9 -11 49 0
6 -11 -14 9 0
10 -12 -14 9 0
11 -11 -15 9 0
12 -14 -14 9 0
13 -11 -17 9 0
1701 -2 -12 29 0
1997 -4 -8 4 0
1997 -3 -8 4 0
1997 -2 -8 4 0
1997 -1 -8 4 0
1997 0 -8 4 0
1997 1 -8 4 0
1997 2 -8 4 0
1997 3 -8 4 0
1997 4 -8 4 0
1997 5 -8 4 0
1997 6 -8 4 0
1997 7 -8 4 0
1997 -4 -17 4 0
1997 -4 -16 4 0
1997 -4 -15 4 0
1997 -4 -14 4 0
1997 -4 -13 4 0
1997 -4 -12 4 0
1997 -4 -11 4 0
1997 -4 -10 4 0
1997 -4 -9 4 0
1997 -3 -17 4 0
1997 -3 -16 4 0
1997 -3 -15 4 0
1997 -3 -14 4 0
1997 -3 -13 4 0
1997 -3 -12 4 0
1997 -3 -11 4 0
1997 -3 -10 4 0
1997 -3 -9 4 0
1997 -2 -17 4 0
1997 -2 -16 4 0
1997 -2 -15 4 0
1997 -2 -14 4 0
1997 -2 -13 4 0
1997 -2 -12 4 0
1997 -2 -11 4 0
1997 -2 -10 4 0
1997 -2 -9 4 0
1997 -1 -17 4 0
1997 -1 -16 4 0
1997 -1 -15 4 0
1997 -1 -14 4 0
1997 -1 -13 4 0
1997 -1 -12 4 0
1997 -1 -11 4 0
1997 -1 -10 4 0
1997 -1 -9 4 0
1997 0 -17 4 0
1997 0 -16 4 0
1997 0 -15 4 0
1997 0 -14 4 0
1997 0 -13 4 0
1997 0 -12 4 0
1997 0 -11 4 0
1997 0 -10 4 0
1997 0 -9 4 0
1997 1 -17 4 0
1997 1 -16 4 0
1997 1 -15 4 0
1997 1 -14 4 0
1997 1 -13 4 0
1997 1 -12 4 0
1997 1 -11 4 0
1997 1 -10 4 0
1997 1 -9 4 0
1997 2 -17 4 0
1997 2 -16 4 0
1997 2 -15 4 0
1997 2 -14 4 0
1997 2 -13 4 0
1997 2 -12 4 0
1997 2 -11 4 0
1997 2 -10 4 0
1997 2 -9 4 0
1997 3 -17 4 0
1997 3 -16 4 0
1997 3 -15 4 0
1997 3 -14 4 0
1997 3 -13 4 0
1997 3 -12 4 0
1997 3 -11 4 0
1997 3 -10 4 0
1997 3 -9 4 0
1997 4 -17 4 0
1997 4 -16 4 0
1997 4 -15 4 0
1997 4 -14 4 0
1997 4 -13 4 0
1997 4 -12 4 0
1997 4 -11 4 0
1997 4 -10 4 0
1997 4 -9 4 0
1997 5 -17 4 0
1997 5 -16 4 0
1997 5 -15 4 0
1997 5 -14 4 0
1997 5 -13 4 0
1997 5 -12 4 0
1997 5 -11 4 0
1997 5 -10 4 0
1997 5 -9 4 0
1997 6 -17 4 0
1997 6 -16 4 0
1997 6 -15 4 0
1997 6 -14 4 0
1997 6 -13 4 0
1997 6 -12 4 0
1997 6 -11 4 0
1997 6 -10 4 0
1997 6 -9 4 0
1997 7 -17 4 0
1997 7 -16 4 0
1997 7 -15 4 0
1997 7 -14 4 0
1997 7 -13 4 0
1997 7 -12 4 0
1997 7 -11 4 0
1997 7 -10 4 0
1997 7 -9 4 0
1993 8 -17 4 0
1993 9 -17 4 0
1993 11 -17 4 0
1993 12 -17 4 0
1993 13 -17 4 0
1993 15 -17 4 0
1993 16 -17 4 0
1993 8 -16 4 0
1993 8 -15 4 0
1993 8 -14 4 0
1993 8 -13 4 0
1993 9 -16 4 0
1993 9 -15 4 0
1993 9 -14 4 0
1993 9 -13 4 0
1993 10 -16 4 0
1993 10 -15 4 0
1993 10 -14 4 0
1993 10 -13 4 0
1993 11 -16 4 0
1993 11 -15 4 0
1993 11 -14 4 0
1993 11 -13 4 0
1993 12 -16 4 0
1993 12 -15 4 0
1993 12 -14 4 0
1993 12 -13 4 0
1993 13 -16 4 0
1993 13 -15 4 0
1993 13 -14 4 0
1993 13 -13 4 0
1993 14 -16 4 0
1993 14 -15 4 0
1993 14 -14 4 0
1993 14 -13 4 0
1993 15 -16 4 0
1993 15 -15 4 0
1993 15 -14 4 0
1993 15 -13 4 0
1993 16 -16 4 0
1993 16 -15 4 0
1993 16 -14 4 0
1993 16 -13 4 0
22 -4 -10 4 0
22 -3 -10 4 0
22 -2 -10 4 0
22 -1 -10 4 0
22 0 -10 4 0
22 1 -10 4 0
21 2 -17 4 0
21 2 -16 4 0
21 2 -15 4 0
21 2 -14 4 0
21 2 -13 4 0
21 2 -12 4 0
21 2 -11 4 0
21 2 -10 4 0
22 2 -10 4 0
22 -4 -18 4 0
22 -3 -18 4 0
22 -2 -18 4 0
22 -1 -18 4 0
22 0 -18 4 0
22 1 -18 4 0
22 2 -18 4 0
1195 -4 -17 9 0
1195 -4 -16 9 0
1195 -4 -15 9 0
1195 -4 -14 9 0
1195 -4 -13 9 0
1195 -4 -12 9 0
1195 -4 -11 9 0
1195 -4 -10 9 0
1195 -3 -17 9 0
1195 -3 -16 9 0
1195 -3 -15 9 0
1195 -3 -14 9 0
1195 -3 -13 9 0
1195 -3 -12 9 0
1195 -3 -11 9 0
1195 -3 -10 9 0
1195 -2 -17 9 0
1195 -2 -16 9 0
1195 -2 -15 9 0
1195 -2 -14 9 0
1195 -2 -13 9 0
1195 -2 -12 9 0
1195 -2 -11 9 0
1195 -2 -10 9 0
1195 -1 -17 9 0
1195 -1 -16 9 0
1195 -1 -15 9 0
1195 -1 -14 9 0
1195 -1 -13 9 0
1195 -1 -12 9 0
1195 -1 -11 9 0
1195 -1 -10 9 0
1195 0 -17 9 0
1195 0 -16 9 0
1195 0 -15 9 0
1195 0 -14 9 0
1195 0 -13 9 0
1195 0 -12 9 0
1195 0 -11 9 0
1195 0 -10 9 0
1195 1 -17 9 0
1195 1 -16 9 0
1195 1 -15 9 0
1195 1 -14 9 0
1195 1 -13 9 0
1195 1 -12 9 0
1195 1 -11 9 0
1195 1 -10 9 0
1195 2 -17 9 0
1195 2 -16 9 0
1195 2 -15 9 0
1195 2 -14 9 0
1195 2 -13 9 0
1195 2 -12 9 0
1195 2 -11 9 0
1195 2 -10 9 0
7 -4 -10 9 0
7 1 -10 9 0
7 -4 -18 9 0
7 -3 -18 9 0
7 -2 -18 9 0
7 0 -18 9 0
7 1 -18 9 0
8 2 -17 9 0
8 2 -16 9 0
8 2 -14 9 0
8 2 -13 9 0
8 2 -11 9 0
6 2 -10 9 0
12 2 -18 9 0
10 0 -10 9 0
12 -3 -10 9 0
1849 -1 -9 4 0
1849 -2 -9 4 0
1207 -4 -17 29 0
1207 -4 -16 29 0
1207 -4 -15 29 0
1207 -4 -14 29 0
1207 -4 -13 29 0
1207 -4 -12 29 0
1207 -4 -11 29 0
1207 -4 -10 29 0
1207 -3 -17 29 0
1207 -3 -16 29 0
1207 -3 -15 29 0
1207 -3 -14 29 0
1207 -3 -13 29 0
1207 -3 -12 29 0
1207 -3 -11 29 0
1207 -3 -10 29 0
1207 -2 -16 29 0
1207 -2 -15 29 0
1207 -2 -14 29 0
1207 -2 -13 29 0
1207 -2 -12 29 0
1207 -2 -11 29 0
1207 -2 -10 29 0
1207 -1 -16 29 0
1207 -1 -15 29 0
1207 -1 -14 29 0
1207 -1 -13 29 0
1207 -1 -12 29 0
1207 -1 -11 29 0
1207 -1 -10 29 0
1207 0 -16 29 0
1207 0 -15 29 0
1207 0 -14 29 0
1207 0 -13 29 0
1207 0 -12 29 0
1207 0 -11 29 0
1207 0 -10 29 0
1207 1 -15 29 0
1207 1 -14 29 0
1207 1 -13 29 0
1207 1 -12 29 0
1207 1 -11 29 0
1207 1 -10 29 0
1207 2 -17 29 0
1207 2 -16 29 0
1207 2 -15 29 0
1207 2 -14 29 0
1207 2 -13 29 0
1207 2 -12 29 0
1207 2 -11 29 0
1207 2 -10 29 0
7 -4 -18 29 0
7 -3 -18 29 0
7 -2 -18 29 0
7 1 -18 29 0
8 2 -17 29 0
8 2 -16 29 0
8 2 -14 29 0
8 2 -13 29 0
8 2 -11 29 0
1207 -4 -9 29 0
1207 -4 -8 29 0
1207 -3 -9 29 0
1207 -3 -8 29 0
1207 -2 -9 29 0
1207 -2 -8 29 0
1207 -1 -9 29 0
1207 -1 -8 29 0
1207 0 -9 29 0
1207 0 -8 29 0
1207 1 -9 29 0
1207 1 -8 29 0
1207 2 -9 29 0
1207 2 -8 29 0
8 2 -10 29 0
8 2 -9 29 0
8 2 -8 29 0
1193 -4 -17 49 0
1193 -4 -16 49 0
1193 -4 -15 49 0
1193 -4 -14 49 0
1193 -4 -13 49 0
1193 -4 -12 49 0
1193 -4 -11 49 0
1193 -4 -10 49 0
1193 -4 -9 49 0
1193 -4 -8 49 0
1193 -3 -17 49 0
1193 -3 -16 49 0
1193 -3 -15 49 0
1193 -3 -14 49 0
1193 -3 -13 49 0
1193 -3 -12 49 0
1193 -3 -11 49 0
1193 -3 -10 49 0
1193 -3 -9 49 0
1193 -3 -8 49 0
1193 -2 -17 49 0
1193 -2 -16 49 0
1193 -2 -15 49 0
1193 -2 -14 49 0
1193 -2 -13 49 0
1193 -2 -12 49 0
1193 -2 -11 49 0
1193 -2 -10 49 0
1193 -2 -9 49 0
1193 -2 -8 49 0
1193 -1 -17 49 0
1193 -1 -16 49 0
1193 -1 -15 49 0
1193 -1 -14 49 0
1193 -1 -13 49 0
1193 -1 -12 49 0
1193 -1 -11 49 0
1193 -1 -10 49 0
1193 -1 -9 49 0
1193 -1 -8 49 0
1193 0 -17 49 0
1193 0 -16 49 0
1193 0 -15 49 0
1193 0 -14 49 0
1193 0 -13 49 0
1193 0 -12 49 0
1193 0 -11 49 0
1193 0 -10 49 0
1193 0 -9 49 0
1193 0 -8 49 0
1193 1 -17 49 0
1193 1 -16 49 0
1193 1 -15 49 0
1193 1 -14 49 0
1193 1 -13 49 0
1193 1 -12 49 0
1193 1 -11 49 0
1193 1 -10 49 0
1193 1 -9 49 0
1193 1 -8 49 0
1193 2 -17 49 0
1193 2 -16 49 0
1193 2 -15 49 0
1193 2 -14 49 0
1193 2 -13 49 0
1193 2 -12 49 0
1193 2 -11 49 0
1193 2 -10 49 0
1193 2 -9 49 0
1193 2 -8 49 0
7 -4 -18 49 0
7 -3 -18 49 0
7 -2 -18 49 0
7 0 -18 49 0
7 1 -18 49 0
8 2 -17 49 0
8 2 -16 49 0
8 2 -14 49 0
8 2 -13 49 0
8 2 -11 49 0
8 2 -10 49 0
8 2 -9 49 0
8 2 -8 49 0
12 2 -18 29 0
12 2 -18 49 0
1206 -4 -17 69 0
1206 -4 -16 69 0
1206 -4 -15 69 0
1206 -4 -14 69 0
1206 -4 -13 69 0
1206 -4 -12 69 0
1206 -4 -11 69 0
1206 -4 -10 69 0
1206 -4 -9 69 0
1206 -4 -8 69 0
1206 -3 -17 69 0
1206 -3 -16 69 0
1206 -3 -15 69 0
1206 -3 -14 69 0
1206 -3 -13 69 0
1206 -3 -12 69 0
1206 -3 -11 69 0
1206 -3 -10 69 0
1206 -3 -9 69 0
1206 -3 -8 69 0
1206 -2 -17 69 0
1206 -2 -16 69 0
1206 -2 -15 69 0
1206 -2 -14 69 0
1206 -2 -13 69 0
1206 -2 -12 69 0
1206 -2 -11 69 0
1206 -2 -10 69 0
1206 -2 -9 69 0
1206 -2 -8 69 0
1206 -1 -17 69 0
1206 -1 -16 69 0
1206 -1 -15 69 0
1206 -1 -14 69 0
1206 -1 -13 69 0
1206 -1 -12 69 0
1206 -1 -11 69 0
1206 -1 -10 69 0
1206 -1 -9 69 0
1206 -1 -8 69 0
1206 0 -17 69 0
1206 0 -16 69 0
1206 0 -15 69 0
1206 0 -14 69 0
1206 0 -13 69 0
1206 0 -12 69 0
1206 0 -11 69 0
1206 0 -10 69 0
1206 0 -9 69 0
1206 0 -8 69 0
1206 1 -17 69 0
1206 1 -16 69 0
1206 1 -15 69 0
1206 1 -14 69 0
1206 1 -13 69 0
1206 1 -12 69 0
1206 1 -11 69 0
1206 1 -10 69 0
1206 1 -9 69 0
1206 1 -8 69 0
1206 2 -17 69 0
1206 2 -16 69 0
1206 2 -15 69 0
1206 2 -14 69 0
1206 2 -13 69 0
1206 2 -12 69 0
1206 2 -11 69 0
1206 2 -10 69 0
1206 2 -9 69 0
1206 2 -8 69 0
22 -4 -18 69 0
22 -2 -18 69 0
22 0 -18 69 0
22 2 -18 69 0
21 2 -17 69 0
21 2 -15 69 0
21 2 -13 69 0
21 2 -11 69 0
21 2 -9 69 0
17 2 -8 69 0
17 2 -10 69 0
17 2 -12 69 0
17 2 -14 69 0
17 2 -16 69 0
18 -3 -18 69 0
18 -1 -18 69 0
18 1 -18 69 0
15 2 -12 9 0
15 2 -12 29 0
15 2 -12 49 0
15 2 -15 49 0
15 2 -15 29 0
15 2 -15 9 0
14 -1 -18 49 0
14 -1 -18 29 0
7 0 -18 29 0
14 -1 -18 9 0
1848 1 -17 9 0
1848 1 -16 9 0
1848 -1 -17 9 0
1848 0 -17 9 0
1848 0 -17 14 0
1848 1 -17 14 0
1848 1 -17 19 0
1848 1 -16 14 0
1848 1 -16 19 0
1851 1 -16 24 0
1852 0 -17 19 0
1852 -2 -17 9 0
1852 -1 -17 14 0
7 -4 -12 29 0
7 0 -12 29 0
7 1 -12 29 0
7 2 -12 29 0
10 -1 -12 29 0
12 -3 -12 29 0
1993 10 -17 4 0
1993 14 -17 4 0
3544 6 -15 5 0
3544 14 -14 5 0
7835 3 -14 7 0
7837 3 -11 5 0
7846 3 -16 9 0
942 7 -12 0 0
942 16 -13 0 0
942 16 -17 0 0
937 16 -16 6 0
937 16 -15 6 0
937 16 -14 6 0
938 16 -13 6 0
940 16 -17 6 0
936 4 -17 6 0
936 5 -17 6 0
936 6 -17 6 0
938 7 -17 5 0
938 3 -17 5 0
940 7 -12 6 0
938 7 -8 6 0
937 7 -11 6 0
937 7 -10 6 0
937 7 -9 6 0
942 7 -8 0 0
1702 -3 -9 9 0
1704 0 -9 9 0
1711 -8 -6 29 0
1709 -8 -5 29 0
2972 -6 1 8 0
3026 -6 1 7 0
1711 -6 -3 9 0
1709 -6 -7 9 0
1709 -6 -2 9 0
1997 -14 -7 4 0
1997 -14 -6 4 0
1997 -14 -5 4 0
1997 -14 -4 4 0
1997 -14 -3 4 0
1997 -14 -2 4 0
1997 -14 -1 4 0
1997 -14 0 4 0
1997 -14 1 4 0
1997 -14 2 4 0
1997 -14 3 4 0
1997 -14 4 4 0
1997 -14 5 4 0
1997 -14 6 4 0
1997 -13 -7 4 0
1997 -13 -6 4 0
1997 -13 -5 4 0
1997 -13 -4 4 0
1997 -13 -3 4 0
1997 -13 -2 4 0
1997 -13 -1 4 0
1997 -13 0 4 0
1997 -13 1 4 0
1997 -13 2 4 0
1997 -13 3 4 0
1997 -13 4 4 0
1997 -13 5 4 0
1997 -13 6 4 0
1997 -12 -7 4 0
1997 -12 -6 4 0
1997 -12 -5 4 0
1997 -12 -4 4 0
1997 -12 -3 4 0
1997 -12 -2 4 0
1997 -12 -1 4 0
1997 -12 0 4 0
1997 -12 1 4 0
1997 -12 2 4 0
1997 -12 3 4 0
1997 -12 4 4 0
1997 -12 5 4 0
1997 -12 6 4 0
1997 -11 -7 4 0
1997 -11 -6 4 0
1997 -11 -5 4 0
1997 -11 -4 4 0
1997 -11 -3 4 0
1997 -11 -2 4 0
1997 -11 -1 4 0
1997 -11 0 4 0
1997 -11 1 4 0
1997 -11 2 4 0
1997 -11 3 4 0
1997 -11 4 4 0
1997 -11 5 4 0
1997 -11 6 4 0
1997 -10 -7 4 0
1997 -10 -6 4 0
1997 -10 -5 4 0
1997 -10 -4 4 0
1997 -10 -3 4 0
1997 -10 -2 4 0
1997 -10 -1 4 0
1997 -10 0 4 0
1997 -10 1 4 0
1997 -10 2 4 0
1997 -10 3 4 0
1997 -10 4 4 0
1997 -10 5 4 0
1997 -10 6 4 0
1997 -9 -7 4 0
1997 -9 -6 4 0
1997 -9 -5 4 0
1997 -9 -4 4 0
1997 -9 -3 4 0
1997 -9 -2 4 0
1997 -9 -1 4 0
1997 -9 0 4 0
1997 -9 1 4 0
1997 -9 2 4 0
1997 -9 3 4 0
1997 -9 4 4 0
1997 -9 5 4 0
1997 -9 6 4 0
1997 -8 -7 4 0
1997 -8 -6 4 0
1997 -8 -5 4 0
1997 -8 -4 4 0
1997 -8 -3 4 0
1997 -8 -2 4 0
1997 -8 -1 4 0
1997 -8 0 4 0
1997 -8 1 4 0
1997 -8 2 4 0
1997 -8 3 4 0
1997 -8 4 4 0
1997 -8 5 4 0
1997 -8 6 4 0
1997 -7 -7 4 0
1997 -7 -6 4 0
1997 -7 -5 4 0
1997 -7 -4 4 0
1997 -7 -3 4 0
1997 -7 -2 4 0
1997 -7 -1 4 0
1997 -7 0 4 0
1997 -7 1 4 0
1997 -7 2 4 0
1997 -7 3 4 0
1997 -7 4 4 0
1997 -7 5 4 0
1997 -7 6 4 0
1997 -6 -7 4 0
1997 -6 -6 4 0
1997 -6 -5 4 0
1997 -6 -4 4 0
1997 -6 -3 4 0
1997 -6 -2 4 0
1997 -6 -1 4 0
1997 -6 0 4 0
1997 -6 1 4 0
1997 -6 2 4 0
1997 -6 3 4 0
1997 -6 4 4 0
1997 -6 5 4 0
1997 -6 6 4 0
1997 -5 -7 4 0
1997 -5 -6 4 0
1997 -5 -5 4 0
1997 -5 -4 4 0
1997 -5 -3 4 0
1997 -5 -2 4 0
1997 -5 -1 4 0
1997 -5 0 4 0
1997 -5 1 4 0
1997 -5 2 4 0
1997 -5 3 4 0
1997 -5 4 4 0
1997 -5 5 4 0
1997 -5 6 4 0
1997 -14 7 4 0
1997 -14 8 4 0
1997 -14 9 4 0
1997 -14 10 4 0
1997 -14 11 4 0
1997 -14 12 4 0
1997 -14 13 4 0
1997 -14 14 4 0
1997 -14 15 4 0
1997 -14 16 4 0
1997 -14 17 4 0
1997 -13 7 4 0
1997 -13 8 4 0
1997 -13 9 4 0
1997 -13 10 4 0
1997 -13 11 4 0
1997 -13 12 4 0
1997 -13 13 4 0
1997 -13 14 4 0
1997 -13 15 4 0
1997 -13 16 4 0
1997 -13 17 4 0
1997 -12 7 4 0
1997 -12 8 4 0
1997 -12 9 4 0
1997 -12 10 4 0
1997 -12 11 4 0
1997 -12 12 4 0
1997 -12 13 4 0
1997 -12 14 4 0
1997 -12 15 4 0
1997 -12 16 4 0
1997 -12 17 4 0
1997 -11 7 4 0
1997 -11 8 4 0
1997 -11 9 4 0
1997 -11 10 4 0
1997 -11 11 4 0
1997 -11 12 4 0
1997 -11 13 4 0
1997 -11 14 4 0
1997 -11 15 4 0
1997 -11 16 4 0
1997 -11 17 4 0
1997 -10 7 4 0
1997 -10 8 4 0
1997 -10 9 4 0
1997 -10 10 4 0
1997 -10 11 4 0
1997 -10 12 4 0
1997 -10 13 4 0
1997 -10 14 4 0
1997 -10 15 4 0
1997 -10 16 4 0
1997 -10 17 4 0
22 -14 0 4 0
22 -13 0 4 0
22 -12 0 4 0
22 -11 0 4 0
22 -10 0 4 0
22 -9 0 4 0
22 -8 0 4 0
22 -7 0 4 0
22 -6 0 4 0
21 -6 -7 4 0
21 -6 -6 4 0
21 -6 -5 4 0
21 -6 -4 4 0
21 -6 -3 4 0
21 -6 -2 4 0
21 -6 -1 4 0
21 -6 0 4 0
21 -15 -7 4 0
21 -15 -6 4 0
21 -15 -5 4 0
21 -15 -4 4 0
21 -15 -3 4 0
21 -15 -2 4 0
21 -15 -1 4 0
21 -15 0 4 0
1195 -7 0 9 0
1195 -6 0 9 0
1195 -6 -2 9 0
1195 -6 -1 9 0
1195 -6 0 9 0
1195 -14 -7 9 0
1195 -14 -6 9 0
1195 -14 -5 9 0
1195 -14 -4 9 0
1195 -14 -3 9 0
1195 -14 -2 9 0
1195 -14 -1 9 0
1195 -14 0 9 0
1195 -13 -7 9 0
1195 -13 -6 9 0
1195 -13 -5 9 0
1195 -13 -4 9 0
1195 -13 -3 9 0
1195 -13 -2 9 0
1195 -13 -1 9 0
1195 -13 0 9 0
1195 -12 -7 9 0
1195 -12 -6 9 0
1195 -12 -5 9 0
1195 -12 -4 9 0
1195 -12 -3 9 0
1195 -12 -2 9 0
1195 -12 -1 9 0
1195 -11 -7 9 0
1195 -11 -6 9 0
1195 -11 -5 9 0
1195 -11 -4 9 0
1195 -11 -3 9 0
1195 -11 -2 9 0
1195 -11 -1 9 0
1195 -11 0 9 0
1195 -10 -7 9 0
1195 -10 -6 9 0
1195 -10 -5 9 0
1195 -10 -4 9 0
1195 -10 -3 9 0
1195 -10 -2 9 0
1195 -10 -1 9 0
1195 -10 0 9 0
1195 -9 -7 9 0
1195 -9 -6 9 0
1195 -9 -5 9 0
1195 -9 -4 9 0
1195 -9 -3 9 0
1195 -9 -2 9 0
1195 -9 -1 9 0
1195 -9 0 9 0
1195 -8 -7 9 0
1195 -8 -6 9 0
1195 -8 -5 9 0
1195 -8 -4 9 0
1195 -8 -3 9 0
1195 -8 -2 9 0
1195 -8 -1 9 0
1195 -8 0 9 0
1195 -7 -7 9 0
1195 -7 -6 9 0
1195 -7 -5 9 0
1195 -7 -4 9 0
1195 -7 -3 9 0
1195 -7 -2 9 0
1195 -7 -1 9 0
1195 -6 -7 9 0
1195 -6 -6 9 0
1195 -6 -5 9 0
1195 -6 -4 9 0
1195 -6 -3 9 0
7 -14 0 9 0
7 -13 0 9 0
7 -11 0 9 0
7 -10 0 9 0
8 -15 -7 9 0
8 -15 -6 9 0
8 -15 -5 9 0
8 -15 -3 9 0
8 -15 -2 9 0
8 -15 -1 9 0
6 -6 0 9 0
13 -15 0 9 0
11 -6 -1 9 0
11 -6 -6 9 0
13 -6 -4 9 0
8 -6 -5 9 0
1850 -5 -7 4 0
1850 -5 -3 4 0
1850 -5 -2 4 0
1207 -14 -7 29 0
1207 -14 -6 29 0
1207 -14 -5 29 0
1207 -14 0 29 0
1207 -13 -7 29 0
1207 -13 -6 29 0
1207 -13 -5 29 0
1207 -13 -4 29 0
1207 -13 -3 29 0
1207 -13 -2 29 0
1207 -13 0 29 0
1207 -12 -7 29 0
1207 -12 -6 29 0
1207 -12 -5 29 0
1207 -12 -4 29 0
1207 -12 -3 29 0
1207 -12 -2 29 0
1207 -12 -1 29 0
1207 -12 0 29 0
1207 -11 -7 29 0
1207 -11 -6 29 0
1207 -11 -5 29 0
1207 -11 -4 29 0
1207 -11 -3 29 0
1207 -11 -2 29 0
1207 -11 -1 29 0
1207 -11 0 29 0
1207 -10 -7 29 0
1207 -10 -6 29 0
1207 -10 -5 29 0
1207 -10 -4 29 0
1207 -10 -3 29 0
1207 -10 -2 29 0
1207 -10 -1 29 0
1207 -10 0 29 0
1207 -9 -7 29 0
1207 -9 -6 29 0
1207 -9 -5 29 0
1207 -9 -4 29 0
1207 -9 -3 29 0
1207 -9 -2 29 0
1207 -9 -1 29 0
1207 -9 0 29 0
1207 -8 -7 29 0
1207 -8 -6 29 0
1207 -8 -5 29 0
1207 -8 -4 29 0
1207 -8 -3 29 0
1207 -8 -2 29 0
1207 -8 -1 29 0
1207 -8 0 29 0
1207 -7 -7 29 0
1207 -7 -6 29 0
1207 -7 -5 29 0
1207 -7 -4 29 0
1207 -7 -3 29 0
1207 -7 -2 29 0
1207 -7 -1 29 0
1207 -7 0 29 0
1207 -6 -7 29 0
1207 -6 -6 29 0
1207 -6 -5 29 0
1207 -6 -4 29 0
1207 -6 -3 29 0
1207 -6 -2 29 0
1207 -6 -1 29 0
1207 -6 0 29 0
7 -14 0 29 0
7 -13 0 29 0
7 -11 0 29 0
7 -10 0 29 0
7 -8 0 29 0
7 -7 0 29 0
8 -15 -7 29 0
8 -15 -6 29 0
8 -15 -3 29 0
8 -15 -2 29 0
8 -15 -1 29 0
13 -15 0 29 0
1207 -5 -7 29 0
1207 -5 -6 29 0
1207 -5 -5 29 0
1207 -5 -4 29 0
1207 -5 -3 29 0
1207 -5 -2 29 0
1207 -5 -1 29 0
1207 -5 0 29 0
7 -6 0 29 0
7 -5 0 29 0
1193 -14 -7 49 0
1193 -14 -6 49 0
1193 -14 -5 49 0
1193 -14 -4 49 0
1193 -14 -3 49 0
1193 -14 -2 49 0
1193 -14 -1 49 0
1193 -14 0 49 0
1193 -13 -7 49 0
1193 -13 -6 49 0
1193 -13 -5 49 0
1193 -13 -4 49 0
1193 -13 -3 49 0
1193 -13 -2 49 0
1193 -13 -1 49 0
1193 -13 0 49 0
1193 -12 -7 49 0
1193 -12 -6 49 0
1193 -12 -5 49 0
1193 -12 -4 49 0
1193 -12 -3 49 0
1193 -12 -2 49 0
1193 -12 -1 49 0
1193 -12 0 49 0
1193 -11 -7 49 0
1193 -11 -6 49 0
1193 -11 -5 49 0
1193 -11 -4 49 0
1193 -11 -3 49 0
1193 -11 -2 49 0
1193 -11 -1 49 0
1193 -11 0 49 0
1193 -10 -7 49 0
1193 -10 -6 49 0
1193 -10 -5 49 0
1193 -10 -4 49 0
1193 -10 -3 49 0
1193 -10 -2 49 0
1193 -10 -1 49 0
1193 -10 0 49 0
1193 -9 -7 49 0
1193 -9 -6 49 0
1193 -9 -5 49 0
1193 -9 -4 49 0
1193 -9 -3 49 0
1193 -9 -2 49 0
1193 -9 -1 49 0
1193 -9 0 49 0
1193 -8 -7 49 0
1193 -8 -6 49 0
1193 -8 -5 49 0
1193 -8 -4 49 0
1193 -8 -3 49 0
1193 -8 -2 49 0
1193 -8 -1 49 0
1193 -8 0 49 0
1193 -7 -7 49 0
1193 -7 -6 49 0
1193 -7 -5 49 0
1193 -7 -4 49 0
1193 -7 -3 49 0
1193 -7 -2 49 0
1193 -7 -1 49 0
1193 -7 0 49 0
1193 -6 -7 49 0
1193 -6 -6 49 0
1193 -6 -5 49 0
1193 -6 -4 49 0
1193 -6 -3 49 0
1193 -6 -2 49 0
1193 -6 -1 49 0
1193 -6 0 49 0
1193 -5 -7 49 0
1193 -5 -6 49 0
1193 -5 -5 49 0
1193 -5 -4 49 0
1193 -5 -3 49 0
1193 -5 -2 49 0
1193 -5 -1 49 0
1193 -5 0 49 0
8 -15 -7 49 0
8 -15 -6 49 0
8 -15 -5 49 0
8 -15 -3 49 0
8 -15 -2 49 0
8 -15 -1 49 0
7 -14 0 49 0
7 -13 0 49 0
7 -11 0 49 0
7 -10 0 49 0
7 -8 0 49 0
7 -7 0 49 0
7 -6 0 49 0
7 -5 0 49 0
13 -15 0 49 0
1206 -14 -7 69 0
1206 -14 -6 69 0
1206 -14 -5 69 0
1206 -14 -4 69 0
1206 -14 -3 69 0
1206 -14 -2 69 0
1206 -14 -1 69 0
1206 -14 0 69 0
1206 -13 -7 69 0
1206 -13 -6 69 0
1206 -13 -5 69 0
1206 -13 -4 69 0
1206 -13 -3 69 0
1206 -13 -2 69 0
1206 -13 -1 69 0
1206 -13 0 69 0
1206 -12 -7 69 0
1206 -12 -6 69 0
1206 -12 -5 69 0
1206 -12 -4 69 0
1206 -12 -3 69 0
1206 -12 -2 69 0
1206 -12 -1 69 0
1206 -12 0 69 0
1206 -11 -7 69 0
1206 -11 -6 69 0
1206 -11 -5 69 0
1206 -11 -4 69 0
1206 -11 -3 69 0
1206 -11 -2 69 0
1206 -11 -1 69 0
1206 -11 0 69 0
1206 -10 -7 69 0
1206 -10 -6 69 0
1206 -10 -5 69 0
1206 -10 -4 69 0
1206 -10 -3 69 0
1206 -10 -2 69 0
1206 -10 -1 69 0
1206 -10 0 69 0
1206 -9 -7 69 0
1206 -9 -6 69 0
1206 -9 -5 69 0
1206 -9 -4 69 0
1206 -9 -3 69 0
1206 -9 -2 69 0
1206 -9 -1 69 0
1206 -9 0 69 0
1206 -8 -7 69 0
1206 -8 -6 69 0
1206 -8 -5 69 0
1206 -8 -4 69 0
1206 -8 -3 69 0
1206 -8 -2 69 0
1206 -8 -1 69 0
1206 -8 0 69 0
1206 -7 -7 69 0
1206 -7 -6 69 0
1206 -7 -5 69 0
1206 -7 -4 69 0
1206 -7 -3 69 0
1206 -7 -2 69 0
1206 -7 -1 69 0
1206 -7 0 69 0
1206 -6 -7 69 0
1206 -6 -6 69 0
1206 -6 -5 69 0
1206 -6 -4 69 0
1206 -6 -3 69 0
1206 -6 -2 69 0
1206 -6 -1 69 0
1206 -6 0 69 0
1206 -5 -7 69 0
1206 -5 -6 69 0
1206 -5 -5 69 0
1206 -5 -4 69 0
1206 -5 -3 69 0
1206 -5 -2 69 0
1206 -5 -1 69 0
1206 -5 0 69 0
22 -13 0 69 0
22 -11 0 69 0
22 -9 0 69 0
22 -7 0 69 0
22 -5 0 69 0
21 -15 -7 69 0
21 -15 -5 69 0
21 -15 -3 69 0
21 -15 -1 69 0
18 -6 0 69 0
18 -8 0 69 0
18 -10 0 69 0
18 -12 0 69 0
18 -14 0 69 0
17 -15 0 69 0
17 -15 -2 69 0
17 -15 -4 69 0
17 -15 -6 69 0
14 -9 0 9 0
14 -12 0 9 0
14 -12 0 29 0
14 -12 0 49 0
14 -9 0 29 0
14 -9 0 49 0
15 -15 -4 49 0
15 -15 -4 29 0
8 -15 -5 29 0
15 -15 -4 9 0
1848 -14 -1 9 0
1848 -13 -1 9 0
1848 -14 -3 9 0
1848 -14 -2 9 0
1848 -14 -1 14 0
1848 -14 -1 19 0
1848 -13 -1 14 0
1848 -13 -1 19 0
1848 -14 -2 14 0
1852 -13 -1 24 0
1851 -14 -2 19 0
1851 -14 -3 14 0
1851 -14 -4 9 0
8 -8 -3 29 0
8 -8 -2 29 0
8 -8 -1 29 0
8 -8 0 29 0
11 -8 -4 29 0
13 -8 -7 29 0
1981 -14 -7 49 0
1981 -14 -6 49 0
1981 -14 -5 49 0
1981 -14 -4 49 0
1981 -13 -7 49 0
1981 -13 -6 49 0
1981 -13 -5 49 0
1981 -13 -4 49 0
1981 -12 -7 49 0
1981 -12 -6 49 0
1981 -12 -5 49 0
1981 -12 -4 49 0
1981 -11 -7 49 0
1981 -11 -6 49 0
1981 -11 -5 49 0
1981 -11 -4 49 0
1981 -10 -7 49 0
1981 -10 -6 49 0
1981 -10 -5 49 0
1981 -10 -4 49 0
1981 -9 -7 49 0
1981 -9 -6 49 0
1981 -9 -5 49 0
1981 -9 -4 49 0
1986 -8 -3 49 0
1981 -8 -7 49 0
1981 -8 -6 49 0
1981 -8 -5 49 0
1981 -8 -4 49 0
1981 -14 -3 49 0
1981 -13 -3 49 0
1981 -12 -3 49 0
1981 -11 -3 49 0
1981 -10 -3 49 0
1981 -9 -3 49 0
3544 -12 10 5 0
7 -7 0 9 0
7 -8 0 9 0
7834 -8 1 7 0
7834 -12 1 7 0
7838 -10 1 15 0
7840 -13 1 9 0
7843 -9 1 5 0
942 -14 17 0 0
942 -10 17 0 0
938 -10 17 6 0
939 -14 17 6 0
934 -13 17 6 0
934 -12 17 6 0
934 -11 17 6 0
935 -14 2 6 0
935 -14 3 6 0
935 -14 4 6 0
935 -14 5 6 0
938 -14 1 6 0
938 -14 6 6 0
939 -9 6 6 0
934 -8 6 6 0
934 -7 6 6 0
934 -6 6 6 0
934 -5 6 6 0
942 -9 6 0 0
