//Houses made for single or combined profession.
//Minus house signs (Sorry, forget to add them since we don't use them)
//Hope you like them, more to come!
//Butcher Fort House script made by Lessette (shadowldy@hotmail.com)

6 version
1 template id
-1 item version
1112 num components
4150 3 -6 4 0
4151 4 -2 4 0
4151 4 -4 4 0
4150 2 -3 4 0
4150 4 -4 4 0
4150 3 5 4 0
4150 2 5 4 0
4151 3 5 4 0
12789 2 4 4 0
1709 -5 -4 32 0
4012 -7 3 4 0
2416 -7 3 13 0
4012 -8 5 4 0
2421 -7 3 5 0
7831 -8 5 5 0
12789 -7 5 4 0
2877 -10 5 4 0
2877 -10 4 4 0
2879 -10 3 4 0
2148 0 5 4 0
2148 0 4 4 0
2149 0 3 4 0
2147 1 3 4 0
12788 -3 5 4 0
12788 -3 4 4 0
2154 2 3 4 0
6259 -6 0 9 0
3129 -6 0 9 0
552 -6 -1 4 0
6257 -9 0 9 0
3129 -9 0 9 0
2150 3 -1 4 0
2146 5 -1 4 0
2148 5 -2 4 0
2148 5 -3 4 0
2148 5 -4 4 0
2148 5 -5 4 0
2148 5 -6 4 0
2147 4 -1 4 0
2147 2 -1 4 0
2147 1 -1 4 0
2147 5 -7 4 0
2147 4 -7 4 0
2147 3 -7 4 0
2147 2 -7 4 0
2147 1 -7 4 0
2148 0 -1 4 0
2148 0 -2 4 0
2148 0 -3 4 0
2148 0 -4 4 0
2148 0 -5 4 0
2148 0 -6 4 0
2149 0 -7 4 0
2147 5 3 4 0
2147 4 3 4 0
2147 3 3 4 0
2148 5 5 4 0
2148 5 4 4 0
1612 -8 5 25 0
1612 -8 4 25 0
1612 -8 3 25 0
1538 -7 5 22 0
1538 -7 4 22 0
1538 -7 3 22 0
1538 -7 2 22 0
1614 -8 2 25 0
1535 -9 5 21 0
1535 -9 4 21 0
1535 -9 3 21 0
1535 -9 2 21 0
1538 -6 5 19 0
1538 -6 4 19 0
1538 -6 3 19 0
1538 -6 2 19 0
1538 -6 1 19 0
1541 -7 1 22 0
1536 -8 1 21 0
1542 -9 1 21 0
1535 -10 5 18 0
1535 -10 4 18 0
1535 -10 3 18 0
1535 -10 2 18 0
1535 -10 1 18 0
1549 -5 5 16 0
1549 -5 4 16 0
1549 -5 3 16 0
1549 -5 2 16 0
1549 -5 1 16 0
1549 -5 0 15 0
1541 -6 0 18 0
1536 -7 0 18 0
1536 -8 0 18 0
1536 -9 0 18 0
1542 -10 0 18 0
1547 -11 5 15 0
1547 -11 4 15 0
1547 -11 3 15 0
1547 -11 2 15 0
1547 -11 1 15 0
1547 -11 0 15 0
1548 -6 -1 15 0
1548 -7 -1 15 0
1548 -8 -1 15 0
1548 -9 -1 15 0
1548 -10 -1 15 0
1553 -5 -1 15 0
1552 -11 -1 15 0
1552 -11 -1 9 0
552 -5 -8 4 0
552 -6 -8 4 0
552 -7 -8 4 0
552 -8 -8 4 0
552 -9 -8 4 0
552 -10 -8 4 0
551 -11 -1 4 0
551 -11 -2 4 0
551 -11 -3 4 0
551 -11 -4 4 0
551 -11 -5 4 0
551 -11 -6 4 0
551 -11 -7 4 0
551 -5 -1 4 0
551 -5 -2 4 0
551 -5 -3 4 0
551 -5 -4 4 0
551 -5 -5 4 0
551 -5 -6 4 0
551 -5 -7 4 0
552 -5 -1 4 0
552 -9 -1 4 0
552 -10 -1 4 0
551 -11 5 4 0
551 -11 4 4 0
551 -11 3 4 0
551 -11 2 4 0
551 -11 1 4 0
551 -11 0 4 0
2149 -5 -4 4 0
2149 -5 -4 14 0
152 -8 -1 32 0
1447 -5 0 47 0
1447 -6 0 47 0
1447 -7 0 47 0
1447 -8 0 47 0
1447 -9 0 47 0
1447 -10 0 47 0
1447 -11 0 47 0
1447 -4 -1 50 0
1447 -5 -1 50 0
1447 -6 -1 50 0
1447 -7 -1 50 0
1447 -8 -1 50 0
1447 -9 -1 50 0
1447 -10 -1 50 0
1447 -11 -1 50 0
1447 -12 -1 50 0
1447 -4 -2 53 0
1447 -5 -2 53 0
1447 -6 -2 53 0
1447 -7 -2 53 0
1447 -8 -2 53 0
1447 -9 -2 53 0
1447 -10 -2 53 0
1447 -11 -2 53 0
1447 -12 -2 53 0
1447 -4 -3 56 0
1447 -5 -3 56 0
1447 -6 -3 56 0
1447 -7 -3 56 0
1447 -8 -3 56 0
1447 -9 -3 56 0
1447 -10 -3 56 0
1447 -11 -3 56 0
1447 -12 -3 56 0
1448 -4 -4 59 0
1448 -5 -4 59 0
1448 -6 -4 59 0
1448 -7 -4 59 0
1448 -8 -4 59 0
1448 -9 -4 59 0
1448 -10 -4 59 0
1448 -11 -4 59 0
1448 -12 -4 59 0
1449 -4 -5 56 0
1449 -5 -5 56 0
1449 -6 -5 56 0
1449 -7 -5 56 0
1449 -8 -5 56 0
1449 -9 -5 56 0
1449 -10 -5 56 0
1449 -11 -5 56 0
1449 -12 -5 56 0
1449 -4 -6 53 0
1449 -5 -6 53 0
1449 -6 -6 53 0
1449 -7 -6 53 0
1449 -8 -6 53 0
1449 -9 -6 53 0
1449 -10 -6 53 0
1449 -11 -6 53 0
1449 -12 -6 53 0
1449 -4 -7 50 0
1449 -5 -7 50 0
1449 -6 -7 50 0
1449 -7 -7 50 0
1449 -8 -7 50 0
1449 -9 -7 50 0
1449 -10 -7 50 0
1449 -11 -7 50 0
1449 -12 -7 50 0
1449 -5 -8 47 0
1449 -6 -8 47 0
1449 -7 -8 47 0
1449 -8 -8 47 0
1449 -9 -8 47 0
1449 -10 -8 47 0
1449 -11 -8 47 0
1447 -4 0 47 0
1447 -12 0 47 0
1449 -4 -8 47 0
1449 -12 -8 47 0
1447 -4 0 47 0
1449 -4 -8 47 0
1449 -12 -8 47 0
2147 -2 -5 24 0
2147 -3 -5 24 0
2147 -4 -5 24 0
1848 -2 -4 19 0
2147 -3 -4 4 0
2147 -3 -4 14 0
2147 -4 -4 4 0
2147 -4 -4 14 0
2147 -4 -4 24 0
2149 -2 -5 4 0
2149 -2 -5 14 0
2148 -2 -4 4 0
2148 -2 -4 14 0
2148 -2 -3 4 0
2148 -2 -3 14 0
2148 -2 -2 4 0
2148 -2 -1 4 0
2171 -2 -3 19 0
2171 -2 -2 14 0
2171 -2 -1 9 0
2171 -2 0 4 0
2170 -4 -4 29 0
2170 -3 -4 24 0
153 -11 -5 32 0
146 -6 -1 32 0
146 -7 -1 32 0
146 -9 -1 32 0
146 -10 -1 32 0
145 -11 -2 32 0
145 -11 -3 32 0
145 -11 -4 32 0
145 -11 -6 32 0
145 -11 -7 32 0
146 -6 -8 32 0
146 -7 -8 32 0
146 -8 -8 32 0
146 -9 -8 32 0
146 -10 -8 32 0
147 -11 -8 32 0
150 -11 -1 32 0
145 -5 -6 32 0
148 -5 -7 32 0
151 -5 -8 32 0
145 -5 -2 32 0
145 -5 -3 32 0
145 -5 -5 32 0
144 -5 -1 32 0
1193 -6 -2 32 0
1193 -6 -3 32 0
1193 -6 -4 32 0
1193 -6 -5 32 0
1193 -6 -6 32 0
1195 -7 -2 32 0
1195 -7 -3 32 0
1195 -7 -4 32 0
1195 -7 -5 32 0
1195 -7 -6 32 0
1196 -8 -2 32 0
1196 -8 -3 32 0
1196 -8 -4 32 0
1196 -8 -5 32 0
1196 -8 -6 32 0
1194 -9 -2 32 0
1194 -9 -3 32 0
1194 -9 -4 32 0
1194 -9 -5 32 0
1194 -9 -6 32 0
1198 -6 -1 32 0
1198 -7 -1 32 0
1198 -8 -1 32 0
1198 -9 -1 32 0
1197 -10 -2 32 0
1197 -10 -3 32 0
1197 -10 -4 32 0
1197 -10 -5 32 0
1197 -10 -6 32 0
1200 -6 -7 32 0
1200 -7 -7 32 0
1200 -8 -7 32 0
1200 -9 -7 32 0
1199 -5 -2 32 0
1199 -5 -3 32 0
1199 -5 -4 32 0
1199 -5 -5 32 0
1199 -5 -6 32 0
1204 -10 -7 32 0
1203 -5 -7 32 0
1202 -10 -1 32 0
2148 -11 -1 22 0
2148 -11 -2 22 0
2148 -11 -3 22 0
2148 -11 -4 22 0
2148 -11 -5 22 0
2148 -11 -6 22 0
2148 -11 -7 22 0
2147 -5 -8 22 0
2147 -6 -8 22 0
2147 -7 -8 22 0
2147 -8 -8 22 0
2147 -9 -8 22 0
2147 -10 -8 22 0
553 -11 -3 4 0
553 -11 -5 4 0
553 -11 -7 4 0
553 -7 -8 4 0
553 -9 -8 4 0
553 -11 -8 4 0
1201 -5 -1 32 0
2148 -5 -2 22 0
2148 -5 -3 22 0
2148 -5 -4 22 0
2148 -5 -5 22 0
2148 -5 -6 22 0
2148 -5 -7 22 0
2147 -6 -1 22 0
2147 -7 -1 22 0
2147 -8 -1 22 0
2147 -9 -1 22 0
2147 -10 -1 22 0
2146 -5 -1 22 0
553 -11 -1 4 0
553 -9 -1 4 0
553 -7 -1 4 0
553 -5 -1 4 0
553 -5 -3 4 0
553 -5 -5 4 0
553 -5 -7 4 0
553 -5 -8 4 0
12789 5 5 4 0
12789 5 4 4 0
12789 5 3 4 0
12789 5 2 4 0
12789 5 1 4 0
12789 5 0 4 0
12789 5 -1 4 0
12789 5 -2 4 0
12789 5 -3 4 0
12789 5 -4 4 0
12789 5 -5 4 0
12789 5 -6 4 0
12789 5 -7 4 0
12789 5 -8 4 0
12789 4 5 4 0
12789 4 4 4 0
12789 4 3 4 0
12789 4 2 4 0
12789 4 1 4 0
12789 4 0 4 0
12789 4 -1 4 0
12789 4 -2 4 0
12789 4 -3 4 0
12789 4 -4 4 0
12789 4 -5 4 0
12789 4 -6 4 0
12789 4 -7 4 0
12789 4 -8 4 0
12789 3 5 4 0
12789 3 4 4 0
12789 3 3 4 0
12789 3 2 4 0
12789 3 1 4 0
12789 3 0 4 0
12789 3 -1 4 0
12789 3 -2 4 0
12789 3 -3 4 0
12789 3 -4 4 0
12789 3 -5 4 0
12789 3 -6 4 0
12789 3 -7 4 0
12789 3 -8 4 0
12789 2 5 4 0
12789 2 3 4 0
12789 2 2 4 0
12789 2 1 4 0
12789 2 0 4 0
12789 2 -1 4 0
12789 2 -2 4 0
12789 2 -3 4 0
12789 2 -4 4 0
12789 2 -5 4 0
12789 2 -6 4 0
12789 2 -7 4 0
12789 2 -8 4 0
12789 1 5 4 0
12789 1 4 4 0
12789 1 3 4 0
12789 1 2 4 0
12789 1 1 4 0
12789 1 0 4 0
12789 1 -1 4 0
12789 1 -2 4 0
12789 1 -3 4 0
12789 1 -4 4 0
12789 1 -5 4 0
12789 1 -6 4 0
12789 1 -7 4 0
12789 1 -8 4 0
12789 0 5 4 0
12789 0 4 4 0
12789 0 3 4 0
12789 0 2 4 0
12789 0 1 4 0
12789 0 0 4 0
12789 0 -1 4 0
12789 0 -2 4 0
12789 0 -3 4 0
12789 0 -4 4 0
12789 0 -5 4 0
12789 0 -6 4 0
12789 0 -7 4 0
12789 0 -8 4 0
12789 -1 5 4 0
12789 -1 4 4 0
12789 -1 3 4 0
12789 -1 2 4 0
12789 -1 1 4 0
12789 -1 0 4 0
12789 -1 -1 4 0
12789 -1 -2 4 0
12789 -1 -3 4 0
12789 -1 -4 4 0
12789 -1 -5 4 0
12789 -1 -6 4 0
12789 -1 -7 4 0
12789 -1 -8 4 0
12789 -2 5 4 0
12789 -2 4 4 0
12789 -2 3 4 0
12789 -2 2 4 0
12789 -2 1 4 0
12789 -2 0 4 0
12789 -2 -1 4 0
12789 -2 -2 4 0
12789 -2 -3 4 0
12789 -2 -4 4 0
12789 -2 -5 4 0
12789 -2 -6 4 0
12789 -2 -7 4 0
12789 -2 -8 4 0
12789 -3 3 4 0
12789 -3 2 4 0
12789 -3 1 4 0
12789 -3 0 4 0
12789 -3 -1 4 0
12789 -3 -2 4 0
12789 -3 -3 4 0
12789 -3 -4 4 0
12789 -3 -5 4 0
12789 -3 -6 4 0
12789 -3 -7 4 0
12789 -3 -8 4 0
12789 -4 5 4 0
12789 -4 4 4 0
12789 -4 3 4 0
12789 -4 2 4 0
12789 -4 1 4 0
12789 -4 0 4 0
12789 -4 -1 4 0
12789 -4 -2 4 0
12789 -4 -3 4 0
12789 -4 -4 4 0
12789 -4 -5 4 0
12789 -4 -6 4 0
12789 -4 -7 4 0
12789 -4 -8 4 0
12789 -5 5 4 0
12789 -5 4 4 0
12789 -5 3 4 0
12789 -5 2 4 0
12789 -5 1 4 0
12789 -5 0 4 0
12789 -5 -1 4 0
12789 -5 -2 4 0
12789 -5 -3 4 0
12789 -5 -4 4 0
12789 -5 -5 4 0
12789 -5 -6 4 0
12789 -5 -7 4 0
12789 -5 -8 4 0
12789 -6 5 4 0
12789 -6 4 4 0
12789 -6 3 4 0
12789 -6 2 4 0
12789 -6 1 4 0
12789 -6 0 4 0
12789 -6 -1 4 0
12789 -6 -2 4 0
12789 -6 -3 4 0
12789 -6 -4 4 0
12789 -6 -5 4 0
12789 -6 -6 4 0
12789 -6 -7 4 0
12789 -6 -8 4 0
12789 -7 4 4 0
12789 -7 3 4 0
12789 -7 2 4 0
12789 -7 1 4 0
12789 -7 0 4 0
12789 -7 -1 4 0
12789 -7 -2 4 0
12789 -7 -3 4 0
12789 -7 -4 4 0
12789 -7 -5 4 0
12789 -7 -6 4 0
12789 -7 -7 4 0
12789 -7 -8 4 0
12789 -8 5 4 0
12789 -8 4 4 0
12789 -8 3 4 0
12789 -8 2 4 0
12789 -8 1 4 0
12789 -8 0 4 0
12789 -8 -1 4 0
12789 -8 -2 4 0
12789 -8 -3 4 0
12789 -8 -4 4 0
12789 -8 -5 4 0
12789 -8 -6 4 0
12789 -8 -7 4 0
12789 -8 -8 4 0
12789 -9 5 4 0
12789 -9 4 4 0
12789 -9 3 4 0
12789 -9 2 4 0
12789 -9 1 4 0
12789 -9 0 4 0
12789 -9 -1 4 0
12789 -9 -2 4 0
12789 -9 -3 4 0
12789 -9 -4 4 0
12789 -9 -5 4 0
12789 -9 -6 4 0
12789 -9 -7 4 0
12789 -9 -8 4 0
12789 -10 5 4 0
12789 -10 4 4 0
12789 -10 3 4 0
12789 -10 2 4 0
12789 -10 1 4 0
12789 -10 0 4 0
12789 -10 -1 4 0
12789 -10 -2 4 0
12789 -10 -3 4 0
12789 -10 -4 4 0
12789 -10 -5 4 0
12789 -10 -6 4 0
12789 -10 -7 4 0
12789 -10 -8 4 0
12789 -11 5 4 0
12789 -11 4 4 0
12789 -11 3 4 0
12789 -11 2 4 0
12789 -11 1 4 0
12789 -11 0 4 0
12789 -11 -1 4 0
12789 -11 -2 4 0
12789 -11 -3 4 0
12789 -11 -4 4 0
12789 -11 -5 4 0
12789 -11 -6 4 0
12789 -11 -7 4 0
12789 -11 -8 4 0
545 -12 5 8 0
545 -12 4 8 0
545 -12 2 8 0
545 -12 1 8 0
545 -12 -1 8 0
545 -12 -2 8 0
545 -12 -3 8 0
545 -12 3 4 0
545 -12 0 4 0
555 -12 5 4 0
555 -12 4 4 0
555 -12 2 4 0
555 -12 1 4 0
555 -12 -1 4 0
555 -12 -2 4 0
555 -12 -3 4 0
545 -12 -4 4 0
545 -12 -5 4 0
545 -12 -6 4 0
545 -12 -7 4 0
545 -12 -8 4 0
546 -9 -9 4 0
546 -10 -9 4 0
546 5 -9 8 0
546 3 -9 8 0
546 2 -9 8 0
546 0 -9 8 0
546 -3 -9 8 0
546 -4 -9 8 0
546 -6 -9 8 0
546 -7 -9 8 0
546 4 -9 4 0
546 1 -9 4 0
546 -1 -9 4 0
546 -2 -9 4 0
554 5 -9 4 0
554 5 -9 0 0
554 3 -9 4 0
554 2 -9 4 0
554 0 -9 4 0
554 -3 -9 4 0
554 -4 -9 4 0
554 -6 -9 4 0
554 -7 -9 4 0
546 -5 -9 4 0
546 -8 -9 4 0
546 -11 -9 4 0
555 -12 5 0 0
555 -12 4 0 0
555 -12 3 0 0
555 -12 2 0 0
555 -12 1 0 0
555 -12 0 0 0
555 -12 -1 0 0
555 -12 -2 0 0
555 -12 -3 0 0
555 -12 -4 0 0
555 -12 -5 0 0
555 -12 -6 0 0
555 -12 -7 0 0
555 -12 -8 0 0
554 4 -9 0 0
554 3 -9 0 0
554 2 -9 0 0
554 1 -9 0 0
554 0 -9 0 0
554 -1 -9 0 0
554 -2 -9 0 0
554 -3 -9 0 0
554 -4 -9 0 0
554 -5 -9 0 0
554 -6 -9 0 0
554 -7 -9 0 0
554 -8 -9 0 0
554 -9 -9 0 0
554 -10 -9 0 0
554 -11 -9 0 0
1709 11 2 4 0
1711 11 1 4 0
1848 12 2 0 0
1848 12 1 0 0
2170 13 2 0 0
2170 13 1 0 0
544 9 -3 1 0
544 9 -6 1 0
544 9 -8 1 0
545 11 3 4 0
545 11 0 4 0
12789 11 3 4 0
12789 11 2 4 0
12789 11 1 4 0
12789 11 0 4 0
12789 10 3 4 0
12789 10 2 4 0
12789 10 1 4 0
12789 10 0 4 0
12789 9 3 4 0
12789 9 2 4 0
12789 9 1 4 0
12789 9 0 4 0
12789 8 3 4 0
12789 8 2 4 0
12789 8 1 4 0
12789 8 0 4 0
12789 8 5 4 0
12789 8 4 4 0
12789 8 3 4 0
12789 8 2 4 0
12789 8 1 4 0
12789 8 0 4 0
12789 8 -1 4 0
12789 8 -2 4 0
12789 8 -3 4 0
12789 8 -4 4 0
12789 8 -5 4 0
12789 8 -6 4 0
12789 8 -7 4 0
12789 8 -8 4 0
12789 7 5 4 0
12789 7 4 4 0
12789 7 3 4 0
12789 7 2 4 0
12789 7 1 4 0
12789 7 0 4 0
12789 7 -1 4 0
12789 7 -2 4 0
12789 7 -3 4 0
12789 7 -4 4 0
12789 7 -5 4 0
12789 7 -6 4 0
12789 7 -7 4 0
12789 7 -8 4 0
12789 6 5 4 0
12789 6 4 4 0
12789 6 3 4 0
12789 6 2 4 0
12789 6 1 4 0
12789 6 0 4 0
12789 6 -1 4 0
12789 6 -2 4 0
12789 6 -3 4 0
12789 6 -4 4 0
12789 6 -5 4 0
12789 6 -6 4 0
12789 6 -7 4 0
12789 6 -8 4 0
546 11 -1 4 0
546 9 -1 4 0
546 10 -1 8 0
545 8 -2 8 0
545 8 -3 8 0
545 8 -5 8 0
545 8 -6 8 0
545 8 -1 4 0
545 8 -4 4 0
545 8 -7 4 0
545 8 -8 4 0
555 8 -2 4 0
555 8 -3 4 0
555 8 -5 4 0
555 8 -6 4 0
554 10 -1 4 0
546 10 3 8 0
545 8 5 8 0
546 11 3 4 0
546 9 3 4 0
545 8 4 4 0
554 10 3 4 0
555 8 5 4 0
544 9 5 1 0
546 8 -9 4 0
546 7 -9 4 0
546 6 -9 4 0
555 11 0 0 0
554 9 -1 0 0
554 10 -1 0 0
554 11 -1 0 0
554 11 3 0 0
554 10 3 0 0
554 9 3 0 0
555 11 1 0 0
555 11 2 0 0
555 11 3 0 0
554 8 -9 0 0
554 7 -9 0 0
554 6 -9 0 0
555 8 5 0 0
555 8 4 0 0
555 8 -1 0 0
555 8 -2 0 0
555 8 -3 0 0
555 8 -4 0 0
555 8 -5 0 0
555 8 -6 0 0
555 8 -7 0 0
555 8 -8 0 0
4150 4 8 4 0
4151 3 6 4 0
4151 3 8 4 0
4151 4 8 4 0
4151 2 8 4 0
4150 4 6 4 0
7830 -5 6 4 0
7833 -8 6 4 0
4012 -6 6 4 0
7829 -6 6 4 0
2602 -7 9 4 0
2602 -8 9 4 0
2523 -8 10 10 0
2523 -7 10 10 0
4572 -6 10 4 0
4574 -7 10 4 0
4574 -8 10 4 0
4573 -9 10 4 0
7826 -10 7 6 0
7819 -9 9 18 0
2879 -10 6 4 0
4268 -10 8 4 0
4270 -10 7 4 0
12788 -2 7 4 0
2148 0 10 4 0
2148 0 9 4 0
2148 0 8 4 0
2148 0 7 4 0
2148 0 6 4 0
12789 -6 6 4 0
12789 -6 9 4 0
2146 5 10 4 0
2147 4 10 4 0
2147 3 10 4 0
2147 2 10 4 0
2147 1 10 4 0
2148 5 9 4 0
2148 5 8 4 0
2148 5 7 4 0
2148 5 6 4 0
1550 -6 11 16 0
1550 -7 11 16 0
1550 -8 11 16 0
1550 -9 11 15 0
1550 -10 11 15 0
1540 -6 10 19 0
1537 -7 10 19 0
1537 -8 10 19 0
1537 -9 10 18 0
1543 -10 10 18 0
1540 -7 9 22 0
1537 -8 9 22 0
1543 -9 9 21 0
1613 -8 8 25 0
1612 -8 7 25 0
1612 -8 6 25 0
1538 -7 8 22 0
1538 -7 7 22 0
1538 -7 6 22 0
1535 -9 8 21 0
1535 -9 7 21 0
1535 -9 6 21 0
1538 -6 9 19 0
1538 -6 8 19 0
1538 -6 7 19 0
1538 -6 6 19 0
1535 -10 9 18 0
1535 -10 8 18 0
1535 -10 7 18 0
1535 -10 6 18 0
1549 -5 10 16 0
1549 -5 9 16 0
1549 -5 8 16 0
1549 -5 7 16 0
1549 -5 6 16 0
1547 -11 10 15 0
1547 -11 9 15 0
1547 -11 8 15 0
1547 -11 7 15 0
1547 -11 6 15 0
1551 -5 11 16 0
1554 -11 11 15 0
551 -11 11 4 0
552 -5 11 4 0
552 -6 11 4 0
552 -7 11 4 0
552 -8 11 4 0
552 -9 11 4 0
552 -10 11 4 0
545 -12 10 8 0
12788 -4 10 4 0
551 -11 10 4 0
551 -11 9 4 0
551 -11 8 4 0
551 -11 7 4 0
551 -11 6 4 0
12789 5 12 4 0
12789 5 11 4 0
12789 5 10 4 0
12789 5 9 4 0
12789 5 8 4 0
12789 5 7 4 0
12789 5 6 4 0
12789 4 12 4 0
12789 4 11 4 0
12789 4 10 4 0
12789 4 9 4 0
12789 4 8 4 0
12789 4 7 4 0
12789 4 6 4 0
12789 3 12 4 0
12789 3 11 4 0
12789 3 10 4 0
12789 3 9 4 0
12789 3 8 4 0
12789 3 7 4 0
12789 3 6 4 0
12789 2 12 4 0
12789 2 11 4 0
12789 2 10 4 0
12789 2 9 4 0
12789 2 8 4 0
12789 2 7 4 0
12789 2 6 4 0
12789 1 12 4 0
12789 1 11 4 0
12789 1 10 4 0
12789 1 9 4 0
12789 1 8 4 0
12789 1 7 4 0
12789 1 6 4 0
12789 0 12 4 0
12789 0 11 4 0
12789 0 10 4 0
12789 0 9 4 0
12789 0 8 4 0
12789 0 7 4 0
12789 0 6 4 0
12789 -1 12 4 0
12789 -1 11 4 0
12789 -1 10 4 0
12789 -1 9 4 0
12789 -1 8 4 0
12789 -1 7 4 0
12789 -1 6 4 0
12789 -2 12 4 0
12789 -2 11 4 0
12789 -2 10 4 0
12789 -2 9 4 0
12789 -2 8 4 0
12789 -2 6 4 0
12789 -3 12 4 0
12789 -3 11 4 0
12789 -3 10 4 0
12789 -3 9 4 0
12789 -3 8 4 0
12789 -3 7 4 0
12789 -3 6 4 0
12789 -4 12 4 0
12789 -4 11 4 0
12789 -4 9 4 0
12789 -4 8 4 0
12789 -4 7 4 0
12789 -4 6 4 0
12789 -5 12 4 0
12789 -5 11 4 0
12789 -5 10 4 0
12789 -5 9 4 0
12789 -5 8 4 0
12789 -5 7 4 0
12789 -5 6 4 0
12789 -6 12 4 0
12789 -6 11 4 0
12789 -6 10 4 0
12789 -6 8 4 0
12789 -6 7 4 0
12789 -7 12 4 0
12789 -7 11 4 0
12789 -7 10 4 0
12789 -7 9 4 0
12789 -7 8 4 0
12789 -7 7 4 0
12789 -7 6 4 0
12789 -8 12 4 0
12789 -8 11 4 0
12789 -8 10 4 0
12789 -8 9 4 0
12789 -8 8 4 0
12789 -8 7 4 0
12789 -8 6 4 0
12789 -9 12 4 0
12789 -9 11 4 0
12789 -9 10 4 0
12789 -9 9 4 0
12789 -9 8 4 0
12789 -9 7 4 0
12789 -9 6 4 0
12789 -10 12 4 0
12789 -10 11 4 0
12789 -10 10 4 0
12789 -10 9 4 0
12789 -10 8 4 0
12789 -10 7 4 0
12789 -10 6 4 0
12789 -11 12 4 0
12789 -11 11 4 0
12789 -11 10 4 0
12789 -11 9 4 0
12789 -11 8 4 0
12789 -11 7 4 0
12789 -11 6 4 0
543 4 13 1 0
543 1 13 1 0
543 -2 13 1 0
543 -5 13 1 0
543 -8 13 1 0
543 -11 13 1 0
546 -9 12 8 0
546 -10 12 8 0
546 -4 12 8 0
546 -5 12 8 0
546 -6 12 8 0
546 -7 12 8 0
546 -1 12 8 0
546 -2 12 8 0
546 3 12 8 0
546 2 12 8 0
546 1 12 8 0
546 5 12 8 0
546 4 12 4 0
546 0 12 4 0
546 -3 12 4 0
546 -8 12 4 0
546 -11 12 4 0
554 5 12 4 0
554 3 12 4 0
554 2 12 4 0
554 1 12 4 0
554 -1 12 4 0
554 -2 12 4 0
554 -4 12 4 0
554 -5 12 4 0
554 -6 12 4 0
554 -7 12 4 0
554 -9 12 4 0
554 -10 12 4 0
545 -12 11 8 0
545 -12 9 8 0
545 -12 7 8 0
545 -12 6 8 0
545 -12 12 4 0
545 -12 8 4 0
555 -12 11 4 0
555 -12 10 4 0
555 -12 9 4 0
555 -12 7 4 0
555 -12 6 4 0
555 -12 12 0 0
555 -12 11 0 0
555 -12 10 0 0
555 -12 9 0 0
555 -12 8 0 0
555 -12 7 0 0
555 -12 6 0 0
554 5 12 0 0
554 4 12 0 0
554 3 12 0 0
554 2 12 0 0
554 1 12 0 0
554 0 12 0 0
554 -1 12 0 0
554 -2 12 0 0
554 -3 12 0 0
554 -4 12 0 0
554 -5 12 0 0
554 -6 12 0 0
554 -7 12 0 0
554 -8 12 0 0
554 -9 12 0 0
554 -10 12 0 0
554 -11 12 0 0
12789 8 12 4 0
12789 8 11 4 0
12789 8 10 4 0
12789 8 9 4 0
12789 8 8 4 0
12789 8 7 4 0
12789 8 6 4 0
12789 7 12 4 0
12789 7 11 4 0
12789 7 10 4 0
12789 7 9 4 0
12789 7 8 4 0
12789 7 7 4 0
12789 7 6 4 0
12789 6 12 4 0
12789 6 11 4 0
12789 6 10 4 0
12789 6 9 4 0
12789 6 8 4 0
12789 6 7 4 0
12789 6 6 4 0
545 8 7 8 0
545 8 6 8 0
545 8 10 8 0
545 8 9 8 0
545 8 8 4 0
545 8 11 4 0
555 8 10 4 0
555 8 9 4 0
555 8 7 4 0
555 8 6 4 0
544 9 11 1 0
544 9 8 1 0
543 7 13 1 0
546 7 12 8 0
546 6 12 8 0
547 8 12 4 0
554 7 12 4 0
554 6 12 4 0
554 7 12 0 0
554 6 12 0 0
555 8 11 0 0
555 8 10 0 0
555 8 9 0 0
555 8 8 0 0
555 8 7 0 0
555 8 6 0 0
555 8 12 0 0
554 8 12 1 0
