//Houses made for single or combined profession.
//Minus house signs (Sorry, forget to add them since we don't use them)
//Hope you like them, more to come!
//Alchemist House script made by Lessette (shadowldy@hotmail.com) 

6 version
1 template id
-1 item version
1608 num components
1701 0 -3 7 0
1701 -5 -3 27 0
1711 3 2 7 0
322 6 0 27 0
322 5 0 27 0
322 4 0 27 0
323 6 4 27 0
323 6 3 27 0
323 6 2 27 0
323 6 1 27 0
322 5 5 27 0
322 4 5 27 0
321 6 5 27 0
1595 6 5 27 0
1595 6 4 27 0
1595 6 3 27 0
1595 6 2 27 0
1595 6 1 27 0
1595 5 5 27 0
1595 5 4 27 0
1595 5 3 27 0
1595 5 2 27 0
1595 5 1 27 0
1595 4 5 27 0
1595 4 4 27 0
1595 4 3 27 0
1595 4 2 27 0
1595 4 1 27 0
335 -7 -3 27 0
339 -7 -4 27 0
339 -7 -5 27 0
338 -8 -3 27 0
338 -7 -3 7 0
6182 0 6 7 0
6176 -2 6 7 0
6184 -1 7 7 0
6183 -1 5 7 0
6181 -1 4 7 0
6175 -1 2 7 0
6174 0 3 7 0
6179 -1 1 7 0
6177 0 0 7 0
6178 -2 0 7 0
6180 -2 3 7 0
323 3 9 27 0
323 3 8 27 0
323 3 7 27 0
323 3 6 27 0
323 3 5 27 0
323 3 4 27 0
323 3 3 27 0
323 3 2 27 0
323 3 1 27 0
323 3 0 27 0
323 3 -1 27 0
323 3 -2 27 0
322 2 10 27 0
322 1 10 27 0
322 0 10 27 0
322 -1 10 27 0
322 -2 10 27 0
322 -3 10 27 0
321 3 10 27 0
99 6 0 0 0
99 5 0 0 0
99 4 0 0 0
99 6 5 0 0
1882 6 4 0 0
99 5 5 0 0
99 4 5 0 0
111 4 5 6 0
111 4 0 6 0
113 6 1 6 0
112 6 0 6 0
109 6 5 6 0
1884 6 1 0 0
1874 6 2 0 0
1874 6 3 0 0
1875 5 1 0 0
1875 4 1 0 0
1872 5 2 0 0
1872 4 2 0 0
1872 5 3 0 0
1872 4 3 0 0
1873 5 4 0 0
1873 4 4 0 0
339 3 9 7 0
339 3 8 7 0
339 3 6 7 0
339 3 5 7 0
339 3 4 7 0
339 3 1 7 0
339 3 0 7 0
339 3 -2 7 0
339 3 -5 7 0
338 2 10 7 0
338 1 10 7 0
338 0 10 7 0
338 -3 10 7 0
338 -6 10 7 0
338 -7 10 7 0
338 -8 10 7 0
335 3 10 7 0
1277 3 10 7 0
1277 3 9 7 0
1277 3 8 7 0
1277 3 7 7 0
1277 3 6 7 0
1277 3 5 7 0
1277 3 4 7 0
1277 3 3 7 0
1277 3 2 7 0
1277 3 1 7 0
1277 3 0 7 0
1277 3 -1 7 0
1277 3 -2 7 0
1277 3 -3 7 0
1277 3 -4 7 0
1277 3 -5 7 0
1277 2 10 7 0
1277 2 9 7 0
1277 2 8 7 0
1277 2 7 7 0
1277 2 6 7 0
1277 2 5 7 0
1277 2 4 7 0
1277 2 3 7 0
1277 2 2 7 0
1277 2 1 7 0
1277 2 0 7 0
1277 2 -1 7 0
1277 2 -2 7 0
1277 2 -3 7 0
1277 2 -4 7 0
1277 2 -5 7 0
1277 1 10 7 0
1277 1 9 7 0
1277 1 8 7 0
1277 1 7 7 0
1277 1 6 7 0
1277 1 5 7 0
1277 1 4 7 0
1277 1 3 7 0
1277 1 2 7 0
1277 1 1 7 0
1277 1 0 7 0
1277 1 -1 7 0
1277 1 -2 7 0
1277 1 -3 7 0
1277 1 -4 7 0
1277 1 -5 7 0
1277 0 10 7 0
1277 0 9 7 0
1277 0 8 7 0
1277 0 7 7 0
1277 0 5 7 0
1277 0 4 7 0
1277 0 2 7 0
1277 0 1 7 0
1277 0 -1 7 0
1277 0 -2 7 0
1277 0 -3 7 0
1277 0 -4 7 0
1277 0 -5 7 0
1277 -1 10 7 0
1277 -1 9 7 0
1277 -1 8 7 0
1277 -1 6 7 0
1277 -1 3 7 0
1277 -1 0 7 0
1277 -1 -2 7 0
1277 -1 -3 7 0
1277 -1 -4 7 0
1277 -1 -5 7 0
1277 -2 10 7 0
1277 -2 9 7 0
1277 -2 8 7 0
1277 -2 7 7 0
1277 -2 5 7 0
1277 -2 4 7 0
1277 -2 2 7 0
1277 -2 1 7 0
1277 -2 -1 7 0
1277 -2 -2 7 0
1277 -2 -3 7 0
1277 -2 -4 7 0
1277 -2 -5 7 0
1277 -3 10 7 0
1277 -3 9 7 0
1277 -3 8 7 0
1277 -3 7 7 0
1277 -3 6 7 0
1277 -3 5 7 0
1277 -3 4 7 0
1277 -3 3 7 0
1277 -3 2 7 0
1277 -3 1 7 0
1277 -3 0 7 0
1277 -3 -1 7 0
1277 -3 -2 7 0
1277 -3 -3 7 0
1277 -3 -4 7 0
1277 -3 -5 7 0
1277 -4 10 7 0
1277 -4 9 7 0
1277 -4 8 7 0
1277 -4 7 7 0
1277 -4 6 7 0
1277 -4 5 7 0
1277 -4 4 7 0
1277 -4 3 7 0
1277 -4 2 7 0
1277 -4 1 7 0
1277 -4 0 7 0
1277 -4 -1 7 0
1277 -4 -2 7 0
1277 -4 -3 7 0
1277 -4 -4 7 0
1277 -4 -5 7 0
1277 -5 10 7 0
1277 -5 9 7 0
1277 -5 8 7 0
1277 -5 7 7 0
1277 -5 6 7 0
1277 -5 5 7 0
1277 -5 4 7 0
1277 -5 3 7 0
1277 -5 2 7 0
1277 -5 1 7 0
1277 -5 0 7 0
1277 -5 -1 7 0
1277 -5 -2 7 0
1277 -5 -3 7 0
1277 -5 -4 7 0
1277 -5 -5 7 0
1277 -6 10 7 0
1277 -6 9 7 0
1277 -6 8 7 0
1277 -6 7 7 0
1277 -6 6 7 0
1277 -6 5 7 0
1277 -6 4 7 0
1277 -6 3 7 0
1277 -6 2 7 0
1277 -6 1 7 0
1277 -6 0 7 0
1277 -6 -1 7 0
1277 -6 -2 7 0
1277 -6 -3 7 0
1277 -6 -4 7 0
1277 -6 -5 7 0
1277 -7 10 7 0
1277 -7 9 7 0
1277 -7 8 7 0
1277 -7 7 7 0
1277 -7 6 7 0
1277 -7 5 7 0
1277 -7 4 7 0
1277 -7 3 7 0
1277 -7 2 7 0
1277 -7 1 7 0
1277 -7 0 7 0
1277 -7 -1 7 0
1277 -7 -2 7 0
1277 -7 -3 7 0
1277 -7 -4 7 0
1277 -7 -5 7 0
1277 -8 10 7 0
1277 -8 9 7 0
1277 -8 8 7 0
1277 -8 7 7 0
1277 -8 6 7 0
1277 -8 5 7 0
1277 -8 4 7 0
1277 -8 3 7 0
1277 -8 2 7 0
1277 -8 1 7 0
1277 -8 0 7 0
1277 -8 -1 7 0
1277 -8 -2 7 0
1277 -8 -3 7 0
1277 -8 -4 7 0
1277 -8 -5 7 0
99 -8 10 0 0
99 -7 10 0 0
99 -6 10 0 0
99 -5 10 0 0
99 -4 10 0 0
99 0 10 0 0
99 2 10 0 0
99 1 10 0 0
99 -1 10 0 0
99 -3 10 0 0
100 3 6 0 0
100 3 5 0 0
100 3 4 0 0
101 3 10 0 0
100 3 1 0 0
100 3 -1 0 0
99 -2 10 0 0
100 3 9 0 0
100 3 8 0 0
100 3 7 0 0
100 3 3 0 0
100 3 2 0 0
100 3 0 0 0
100 3 -2 0 0
100 3 -3 0 0
100 3 -4 0 0
100 3 -5 0 0
1277 -8 -5 27 0
1277 -8 -4 27 0
1277 -8 -3 27 0
1277 -8 -2 27 0
1277 -8 -1 27 0
1277 -8 0 27 0
1277 -8 1 27 0
1277 -8 2 27 0
1277 -8 3 27 0
1277 -8 4 27 0
1277 -8 5 27 0
1277 -8 6 27 0
1277 -8 7 27 0
1277 -8 8 27 0
1277 -8 9 27 0
1277 -8 10 27 0
1277 -7 -5 27 0
1277 -7 -4 27 0
1277 -7 -3 27 0
1277 -7 -2 27 0
1277 -7 -1 27 0
1277 -7 0 27 0
1277 -7 1 27 0
1277 -7 2 27 0
1277 -7 3 27 0
1277 -7 4 27 0
1277 -7 5 27 0
1277 -7 6 27 0
1277 -7 7 27 0
1277 -7 8 27 0
1277 -7 9 27 0
1277 -7 10 27 0
1277 -6 -5 27 0
1277 -6 -4 27 0
1277 -6 -3 27 0
1277 -6 -2 27 0
1277 -6 -1 27 0
1277 -6 0 27 0
1277 -6 1 27 0
1277 -6 2 27 0
1277 -6 3 27 0
1277 -6 4 27 0
1277 -6 5 27 0
1277 -6 6 27 0
1277 -6 7 27 0
1277 -6 8 27 0
1277 -6 9 27 0
1277 -6 10 27 0
1277 -5 -5 27 0
1277 -5 -4 27 0
1277 -5 -3 27 0
1277 -5 -2 27 0
1277 -5 -1 27 0
1277 -5 0 27 0
1277 -5 1 27 0
1277 -5 2 27 0
1277 -5 3 27 0
1277 -5 4 27 0
1277 -5 5 27 0
1277 -5 6 27 0
1277 -5 7 27 0
1277 -5 8 27 0
1277 -5 9 27 0
1277 -5 10 27 0
1277 -4 -5 27 0
1277 -4 -4 27 0
1277 -4 -3 27 0
1277 -4 -2 27 0
1277 -4 -1 27 0
1277 -4 0 27 0
1277 -4 1 27 0
1277 -4 2 27 0
1277 -4 3 27 0
1277 -4 4 27 0
1277 -4 5 27 0
1277 -4 6 27 0
1277 -4 7 27 0
1277 -4 8 27 0
1277 -4 9 27 0
1277 -4 10 27 0
1277 -3 -5 27 0
1277 -3 -4 27 0
1277 -3 -3 27 0
1277 -3 -2 27 0
1277 -3 -1 27 0
1277 -3 0 27 0
1277 -3 1 27 0
1277 -3 2 27 0
1277 -3 3 27 0
1277 -3 4 27 0
1277 -3 5 27 0
1277 -3 6 27 0
1277 -3 7 27 0
1277 -3 8 27 0
1277 -3 9 27 0
1277 -3 10 27 0
1277 -2 -5 27 0
1277 -2 -4 27 0
1277 -2 -3 27 0
1277 -2 -2 27 0
1277 -2 -1 27 0
1277 -2 0 27 0
1277 -2 1 27 0
1277 -2 2 27 0
1277 -2 3 27 0
1277 -2 4 27 0
1277 -2 5 27 0
1277 -2 6 27 0
1277 -2 7 27 0
1277 -2 8 27 0
1277 -2 9 27 0
1277 -2 10 27 0
1277 -1 -5 27 0
1277 -1 -4 27 0
1277 -1 -3 27 0
1277 -1 -2 27 0
1277 -1 -1 27 0
1277 -1 0 27 0
1277 -1 1 27 0
1277 -1 2 27 0
1277 -1 3 27 0
1277 -1 4 27 0
1277 -1 5 27 0
1277 -1 6 27 0
1277 -1 7 27 0
1277 -1 8 27 0
1277 -1 9 27 0
1277 -1 10 27 0
1277 0 -5 27 0
1277 0 -4 27 0
1277 0 -3 27 0
1277 0 -2 27 0
1277 0 -1 27 0
1277 0 0 27 0
1277 0 2 27 0
1277 0 3 27 0
1277 0 4 27 0
1277 0 5 27 0
1277 0 6 27 0
1277 0 7 27 0
1277 0 8 27 0
1277 0 9 27 0
1277 0 10 27 0
1277 1 -5 27 0
1277 1 -4 27 0
1277 1 -3 27 0
1277 1 -2 27 0
1277 1 -1 27 0
1277 1 0 27 0
1277 1 1 27 0
1277 1 2 27 0
1277 1 3 27 0
1277 1 4 27 0
1277 1 5 27 0
1277 1 6 27 0
1277 1 7 27 0
1277 1 8 27 0
1277 1 9 27 0
1277 1 10 27 0
1277 2 -5 27 0
1277 2 -4 27 0
1277 2 -3 27 0
1277 2 -2 27 0
1277 2 -1 27 0
1277 2 0 27 0
1277 2 1 27 0
1277 2 2 27 0
1277 2 3 27 0
1277 2 4 27 0
1277 2 5 27 0
1277 2 6 27 0
1277 2 7 27 0
1277 2 8 27 0
1277 2 9 27 0
1277 2 10 27 0
1277 3 -5 27 0
1277 3 -4 27 0
1277 3 -3 27 0
1277 3 -2 27 0
1277 3 -1 27 0
1277 3 0 27 0
1277 3 1 27 0
1277 3 2 27 0
1277 3 3 27 0
1277 3 4 27 0
1277 3 5 27 0
1277 3 6 27 0
1277 3 7 27 0
1277 3 8 27 0
1277 3 9 27 0
1277 3 10 27 0
338 -8 10 27 0
338 -7 10 27 0
338 -5 10 27 0
335 -4 10 27 0
339 -4 -2 27 0
339 -4 1 27 0
339 -4 2 27 0
339 -4 5 27 0
339 -4 6 27 0
339 -4 8 27 0
339 -4 9 27 0
338 -1 -3 27 0
338 0 -3 27 0
338 2 -3 27 0
335 3 -3 27 0
338 -3 -3 27 0
1277 0 1 27 0
339 3 -5 27 0
341 3 -4 27 0
340 -6 10 27 0
341 -4 0 27 0
341 -4 7 27 0
340 -2 -3 27 0
340 1 -3 27 0
341 3 7 7 0
341 3 -4 7 0
341 3 -1 7 0
340 -5 10 7 0
340 -1 10 7 0
1709 3 3 7 0
1595 -8 -5 47 0
1595 -8 -4 47 0
1595 -8 -3 47 0
1595 -8 -2 47 0
1595 -8 -1 47 0
1595 -8 0 47 0
1595 -8 1 47 0
1595 -8 2 47 0
1595 -8 3 47 0
1595 -8 4 47 0
1595 -8 5 47 0
1595 -8 6 47 0
1595 -8 7 47 0
1595 -8 8 47 0
1595 -8 9 47 0
1595 -8 10 47 0
1595 -7 -5 47 0
1595 -7 -4 47 0
1595 -7 -3 47 0
1595 -7 -2 47 0
1595 -7 -1 47 0
1595 -7 0 47 0
1595 -7 1 47 0
1595 -7 2 47 0
1595 -7 3 47 0
1595 -7 4 47 0
1595 -7 5 47 0
1595 -7 6 47 0
1595 -7 7 47 0
1595 -7 8 47 0
1595 -7 9 47 0
1595 -7 10 47 0
1595 -6 -5 47 0
1595 -6 -4 47 0
1595 -6 -3 47 0
1595 -6 -2 47 0
1595 -6 -1 47 0
1595 -6 0 47 0
1595 -6 1 47 0
1595 -6 2 47 0
1595 -6 3 47 0
1595 -6 4 47 0
1595 -6 5 47 0
1595 -6 6 47 0
1595 -6 7 47 0
1595 -6 8 47 0
1595 -6 9 47 0
1595 -6 10 47 0
1595 -5 -5 47 0
1595 -5 -4 47 0
1595 -5 -3 47 0
1595 -5 -2 47 0
1595 -5 -1 47 0
1595 -5 0 47 0
1595 -5 1 47 0
1595 -5 2 47 0
1595 -5 3 47 0
1595 -5 4 47 0
1595 -5 5 47 0
1595 -5 6 47 0
1595 -5 7 47 0
1595 -5 8 47 0
1595 -5 9 47 0
1595 -5 10 47 0
1595 -4 -5 47 0
1595 -4 -4 47 0
1595 -4 -3 47 0
1595 -4 -2 47 0
1595 -4 -1 47 0
1595 -4 0 47 0
1595 -4 1 47 0
1595 -4 2 47 0
1595 -4 3 47 0
1595 -4 4 47 0
1595 -4 5 47 0
1595 -4 6 47 0
1595 -4 7 47 0
1595 -4 8 47 0
1595 -4 9 47 0
1595 -4 10 47 0
1595 -3 -5 47 0
1595 -3 -4 47 0
1595 -3 -3 47 0
1595 -3 -2 47 0
1595 -3 -1 47 0
1595 -3 0 47 0
1595 -3 1 47 0
1595 -3 2 47 0
1595 -3 3 47 0
1595 -3 4 47 0
1595 -3 5 47 0
1595 -3 6 47 0
1595 -3 7 47 0
1595 -3 8 47 0
1595 -3 9 47 0
1595 -3 10 47 0
1595 -2 -5 47 0
1595 -2 -4 47 0
1595 -2 -3 47 0
1595 -2 -2 47 0
1595 -2 -1 47 0
1595 -2 0 47 0
1595 -2 1 47 0
1595 -2 2 47 0
1595 -2 3 47 0
1595 -2 4 47 0
1595 -2 5 47 0
1595 -2 6 47 0
1595 -2 7 47 0
1595 -2 8 47 0
1595 -2 9 47 0
1595 -2 10 47 0
1595 -1 -5 47 0
1595 -1 -4 47 0
1595 -1 -3 47 0
1595 -1 -2 47 0
1595 -1 -1 47 0
1595 -1 0 47 0
1595 -1 1 47 0
1595 -1 2 47 0
1595 -1 3 47 0
1595 -1 4 47 0
1595 -1 5 47 0
1595 -1 6 47 0
1595 -1 7 47 0
1595 -1 8 47 0
1595 -1 9 47 0
1595 -1 10 47 0
1595 0 -5 47 0
1595 0 -4 47 0
1595 0 -3 47 0
1595 0 -2 47 0
1595 0 -1 47 0
1595 0 0 47 0
1595 0 1 47 0
1595 0 2 47 0
1595 0 3 47 0
1595 0 4 47 0
1595 0 5 47 0
1595 0 6 47 0
1595 0 7 47 0
1595 0 8 47 0
1595 0 9 47 0
1595 0 10 47 0
1595 1 -5 47 0
1595 1 -4 47 0
1595 1 -3 47 0
1595 1 -2 47 0
1595 1 -1 47 0
1595 1 0 47 0
1595 1 1 47 0
1595 1 2 47 0
1595 1 3 47 0
1595 1 4 47 0
1595 1 5 47 0
1595 1 6 47 0
1595 1 7 47 0
1595 1 8 47 0
1595 1 9 47 0
1595 1 10 47 0
1595 2 -5 47 0
1595 2 -4 47 0
1595 2 -3 47 0
1595 2 -2 47 0
1595 2 -1 47 0
1595 2 0 47 0
1595 2 1 47 0
1595 2 2 47 0
1595 2 3 47 0
1595 2 4 47 0
1595 2 5 47 0
1595 2 6 47 0
1595 2 7 47 0
1595 2 8 47 0
1595 2 9 47 0
1595 2 10 47 0
1595 3 -5 47 0
1595 3 -4 47 0
1595 3 -3 47 0
1595 3 -2 47 0
1595 3 -1 47 0
1595 3 0 47 0
1595 3 1 47 0
1595 3 2 47 0
1595 3 3 47 0
1595 3 4 47 0
1595 3 5 47 0
1595 3 6 47 0
1595 3 7 47 0
1595 3 8 47 0
1595 3 9 47 0
1595 3 10 47 0
321 3 10 47 0
322 -8 10 47 0
322 -7 10 47 0
322 -6 10 47 0
322 -5 10 47 0
322 -4 10 47 0
322 -3 10 47 0
322 -2 10 47 0
322 -1 10 47 0
322 0 10 47 0
322 1 10 47 0
322 2 10 47 0
323 3 -5 47 0
323 3 -4 47 0
323 3 -3 47 0
323 3 -2 47 0
323 3 -1 47 0
323 3 0 47 0
323 3 1 47 0
323 3 2 47 0
323 3 3 47 0
323 3 4 47 0
323 3 5 47 0
323 3 6 47 0
323 3 7 47 0
323 3 8 47 0
323 3 9 47 0
316 3 10 27 0
318 -3 10 27 0
320 3 -2 27 0
317 3 6 27 0
317 3 1 27 0
320 3 2 27 0
320 3 7 27 0
335 -4 10 7 0
335 3 -3 7 0
338 -2 -3 7 0
338 -1 -3 7 0
338 1 -3 7 0
338 2 -3 7 0
338 3 -3 7 0
339 -4 -2 7 0
339 -4 -1 7 0
339 -4 1 7 0
339 -4 2 7 0
339 -4 3 7 0
339 -4 4 7 0
339 -4 10 7 0
338 -3 -3 7 0
338 -6 -3 7 0
338 -5 -3 7 0
335 -4 -3 7 0
339 -4 -4 7 0
339 -4 -5 7 0
4075 -8 5 7 0
4077 -8 7 7 0
4078 -8 6 7 0
4624 -8 0 7 0
4625 -8 1 7 0
4626 -8 2 7 0
339 -4 8 7 0
5735 -5 0 7 0
5735 -5 1 7 0
5735 -5 2 7 0
5735 -5 3 7 0
5735 -5 4 7 0
5735 -5 5 7 0
5735 -5 6 7 0
5735 -5 7 7 0
5735 -5 8 7 0
339 -4 9 7 0
338 -2 10 7 0
339 -4 0 7 0
338 -6 -3 27 0
338 -4 -3 27 0
339 -4 -1 27 0
1709 -4 4 27 0
1711 -4 3 27 0
2931 -8 4 27 0
2929 -8 6 27 0
2931 -8 5 27 0
2930 -8 3 27 0
4032 -8 5 33 0
7713 -8 6 33 0
339 -4 7 7 0
339 -4 5 7 0
339 -4 6 7 0
1707 -8 -3 7 0
3215 5 -1 0 0
3215 4 6 0 0
3215 5 6 0 0
3215 6 6 0 0
3215 6 -1 0 0
2123 4 10 0 0
2123 5 10 0 0
2123 6 10 0 0
2123 7 10 0 0
2123 8 10 0 0
2123 11 10 0 0
2123 12 10 0 0
2122 13 10 0 0
2121 13 -5 0 0
2121 13 -4 0 0
2121 13 -3 0 0
2121 13 -2 0 0
2121 13 -1 0 0
2121 13 0 0 0
2121 13 1 0 0
2121 13 2 0 0
2121 13 3 0 0
2121 13 4 0 0
2121 13 5 0 0
2121 13 6 0 0
2121 13 7 0 0
2121 13 8 0 0
2121 13 9 0 0
2126 10 10 0 0
2124 9 10 0 0
1303 8 3 0 0
1303 9 3 0 0
1303 9 4 0 0
1303 9 5 0 0
1303 9 6 0 0
1303 9 7 0 0
1303 9 8 0 0
1303 9 9 0 0
1303 9 10 0 0
1303 9 11 0 0
1303 10 3 0 0
1303 10 4 0 0
1303 10 5 0 0
1303 10 6 0 0
1303 10 7 0 0
1303 10 8 0 0
1303 10 9 0 0
1303 10 10 0 0
1303 10 11 0 0
1303 7 2 0 0
1303 8 2 0 0
1303 9 2 0 0
1303 10 2 0 0
1303 7 3 0 0
3215 4 7 0 0
3215 4 8 0 0
3215 4 9 0 0
3215 4 -1 0 0
3215 4 -5 0 0
3215 4 -4 0 0
3215 4 -3 0 0
3215 4 -2 0 0
3206 4 -4 7 0
3206 4 -3 7 0
3206 4 -5 7 0
3206 4 -2 7 0
3206 4 -1 7 0
3206 5 -1 7 0
3206 6 -1 7 0
3206 4 6 7 0
3206 4 7 7 0
3206 4 8 7 0
3206 4 9 7 0
3206 5 6 7 0
3206 6 6 7 0
1303 7 1 0 0
1303 8 1 0 0
1303 9 1 0 0
1303 10 1 0 0
1303 7 4 0 0
1303 8 4 0 0
6173 -1 -1 7 0
6218 -5 4 13 0
4554 -6 8 27 0
4553 -3 -2 7 0
6206 -5 4 13 0
6236 -5 8 15 0
6185 -5 2 13 0
6198 -5 2 13 0
3625 -5 3 13 0
3656 -5 3 13 0
3659 -5 0 13 0
6185 -5 1 13 0
6201 -5 1 13 0
6185 -5 7 13 0
6195 -5 7 13 0
3624 -5 6 16 0
3621 -5 6 13 0
3627 -5 6 14 0
6216 -5 6 13 0
6185 -5 5 13 0
6190 -6 5 7 0
6815 4 6 1 0
6815 4 1 1 0
6817 7 1 1 0
6817 7 6 4 0
1277 -9 -6 7 0
1277 -9 -7 7 0
1277 -9 -8 7 0
1277 -9 -9 7 0
1277 -10 -6 7 0
1277 -10 -7 7 0
1277 -10 -8 7 0
1277 -10 -9 7 0
1277 -11 -6 7 0
1277 -11 -7 7 0
1277 -11 -8 7 0
1277 -11 -9 7 0
1277 -12 -6 7 0
1277 -12 -7 7 0
1277 -12 -8 7 0
1277 -12 -9 7 0
338 -10 -10 7 0
338 -11 -10 7 0
338 -12 -10 7 0
298 -13 -10 7 0
339 -13 -6 7 0
339 -13 -8 7 0
339 -13 -9 7 0
99 -9 -10 0 0
99 -10 -10 0 0
99 -11 -10 0 0
99 -12 -10 0 0
100 -13 -6 0 0
100 -13 -7 0 0
100 -13 -8 0 0
100 -13 -9 0 0
102 -13 -10 0 0
1277 -12 -9 27 0
1277 -12 -8 27 0
1277 -12 -7 27 0
1277 -12 -6 27 0
1277 -11 -9 27 0
1277 -11 -8 27 0
1277 -11 -7 27 0
1277 -11 -6 27 0
1277 -10 -9 27 0
1277 -10 -8 27 0
1277 -10 -7 27 0
1277 -10 -6 27 0
1277 -9 -9 27 0
1277 -9 -8 27 0
1277 -9 -7 27 0
1277 -9 -6 27 0
339 -13 -9 27 0
339 -13 -8 27 0
339 -13 -6 27 0
298 -13 -10 27 0
338 -12 -10 27 0
338 -11 -10 27 0
341 -13 -7 27 0
338 -10 -10 27 0
340 -9 -10 27 0
341 -13 -7 7 0
340 -9 -10 7 0
1595 -12 -9 47 0
1595 -12 -8 47 0
1595 -12 -7 47 0
1595 -12 -6 47 0
1595 -11 -9 47 0
1595 -11 -8 47 0
1595 -11 -7 47 0
1595 -11 -6 47 0
1595 -10 -9 47 0
1595 -10 -8 47 0
1595 -10 -7 47 0
1595 -10 -6 47 0
1595 -9 -9 47 0
1595 -9 -8 47 0
1595 -9 -7 47 0
1595 -9 -6 47 0
322 -12 -10 47 0
322 -11 -10 47 0
322 -10 -10 47 0
322 -9 -10 47 0
323 -13 -9 47 0
323 -13 -8 47 0
323 -13 -7 47 0
323 -13 -6 47 0
324 -13 -10 47 0
4497 -12 -8 7 0
4497 -12 -7 7 0
4497 -12 -6 7 0
4495 -11 -9 7 0
4495 -10 -9 7 0
4495 -9 -9 7 0
339 -7 -7 27 0
339 -7 -8 27 0
339 -7 -9 27 0
339 3 -6 7 0
339 3 -8 7 0
339 3 -9 7 0
1277 3 -6 7 0
1277 3 -7 7 0
1277 3 -8 7 0
1277 3 -9 7 0
1277 2 -6 7 0
1277 2 -7 7 0
1277 2 -8 7 0
1277 2 -9 7 0
1277 1 -6 7 0
1277 1 -7 7 0
1277 1 -8 7 0
1277 1 -9 7 0
1277 0 -6 7 0
1277 0 -7 7 0
1277 0 -8 7 0
1277 0 -9 7 0
1277 -1 -6 7 0
1277 -1 -7 7 0
1277 -1 -8 7 0
1277 -1 -9 7 0
1277 -2 -6 7 0
1277 -2 -7 7 0
1277 -2 -8 7 0
1277 -2 -9 7 0
1277 -3 -6 7 0
1277 -3 -7 7 0
1277 -3 -8 7 0
1277 -3 -9 7 0
1277 -4 -6 7 0
1277 -4 -7 7 0
1277 -4 -8 7 0
1277 -4 -9 7 0
1277 -5 -6 7 0
1277 -5 -7 7 0
1277 -5 -8 7 0
1277 -5 -9 7 0
1277 -6 -6 7 0
1277 -6 -7 7 0
1277 -6 -8 7 0
1277 -6 -9 7 0
1277 -7 -6 7 0
1277 -7 -7 7 0
1277 -7 -8 7 0
1277 -7 -9 7 0
1277 -8 -6 7 0
1277 -8 -7 7 0
1277 -8 -8 7 0
1277 -8 -9 7 0
100 3 -7 0 0
338 3 -10 7 0
338 2 -10 7 0
338 1 -10 7 0
338 0 -10 7 0
338 -2 -10 7 0
338 -3 -10 7 0
338 -4 -10 7 0
338 -6 -10 7 0
338 -7 -10 7 0
338 -8 -10 7 0
99 3 -10 0 0
99 2 -10 0 0
99 1 -10 0 0
99 0 -10 0 0
99 -1 -10 0 0
99 -2 -10 0 0
99 -3 -10 0 0
99 -4 -10 0 0
99 -5 -10 0 0
99 -6 -10 0 0
99 -7 -10 0 0
99 -8 -10 0 0
100 3 -6 0 0
100 3 -8 0 0
100 3 -9 0 0
1277 -8 -9 27 0
1277 -8 -8 27 0
1277 -8 -7 27 0
1277 -8 -6 27 0
1277 -7 -9 27 0
1277 -7 -8 27 0
1277 -7 -7 27 0
1277 -7 -6 27 0
1277 -6 -9 27 0
1277 -6 -8 27 0
1277 -6 -7 27 0
1277 -6 -6 27 0
1277 -5 -9 27 0
1277 -5 -8 27 0
1277 -5 -7 27 0
1277 -5 -6 27 0
1277 -4 -9 27 0
1277 -4 -8 27 0
1277 -4 -7 27 0
1277 -4 -6 27 0
1277 -3 -9 27 0
1277 -3 -8 27 0
1277 -3 -7 27 0
1277 -3 -6 27 0
1277 -2 -7 27 0
1277 -2 -6 27 0
1277 -1 -7 27 0
1277 -1 -6 27 0
1277 0 -7 27 0
1277 0 -6 27 0
1277 1 -7 27 0
1277 1 -6 27 0
1277 2 -9 27 0
1277 2 -8 27 0
1277 2 -7 27 0
1277 2 -6 27 0
1277 3 -9 27 0
1277 3 -8 27 0
1277 3 -7 27 0
1277 3 -6 27 0
338 -8 -10 27 0
338 -6 -10 27 0
338 0 -10 27 0
338 2 -10 27 0
338 3 -10 27 0
339 3 -9 27 0
339 3 -6 27 0
339 3 -8 27 0
341 3 -7 27 0
338 -3 -10 27 0
338 -4 -10 27 0
338 -2 -10 27 0
338 1 -10 27 0
338 -7 -10 27 0
340 -5 -10 27 0
340 -1 -10 27 0
341 3 -7 7 0
340 -5 -10 7 0
340 -1 -10 7 0
1595 -8 -9 47 0
1595 -8 -8 47 0
1595 -8 -7 47 0
1595 -8 -6 47 0
1595 -7 -9 47 0
1595 -7 -8 47 0
1595 -7 -7 47 0
1595 -7 -6 47 0
1595 -6 -9 47 0
1595 -6 -8 47 0
1595 -6 -7 47 0
1595 -6 -6 47 0
1595 -5 -9 47 0
1595 -5 -8 47 0
1595 -5 -7 47 0
1595 -5 -6 47 0
1595 -4 -9 47 0
1595 -4 -8 47 0
1595 -4 -7 47 0
1595 -4 -6 47 0
1595 -3 -9 47 0
1595 -3 -8 47 0
1595 -3 -7 47 0
1595 -3 -6 47 0
1595 -2 -9 47 0
1595 -2 -8 47 0
1595 -2 -7 47 0
1595 -2 -6 47 0
1595 -1 -9 47 0
1595 -1 -8 47 0
1595 -1 -7 47 0
1595 -1 -6 47 0
1595 0 -9 47 0
1595 0 -8 47 0
1595 0 -7 47 0
1595 0 -6 47 0
1595 1 -9 47 0
1595 1 -8 47 0
1595 1 -7 47 0
1595 1 -6 47 0
1595 2 -9 47 0
1595 2 -8 47 0
1595 2 -7 47 0
1595 2 -6 47 0
1595 3 -9 47 0
1595 3 -8 47 0
1595 3 -7 47 0
1595 3 -6 47 0
322 -8 -10 47 0
322 -7 -10 47 0
322 -6 -10 47 0
322 -5 -10 47 0
322 -4 -10 47 0
322 -3 -10 47 0
322 -2 -10 47 0
322 -1 -10 47 0
322 0 -10 47 0
322 1 -10 47 0
322 2 -10 47 0
322 3 -10 47 0
323 3 -9 47 0
323 3 -8 47 0
323 3 -7 47 0
323 3 -6 47 0
1850 1 -9 7 0
1850 1 -8 7 0
1848 0 -9 7 0
1848 0 -8 7 0
1848 -1 -9 7 0
1848 -1 -8 7 0
1848 -2 -9 7 0
1848 -2 -8 7 0
1848 -2 -9 12 0
1848 -1 -9 12 0
1848 -1 -8 12 0
1850 0 -9 12 0
1850 0 -8 12 0
1848 -2 -9 17 0
1850 -1 -9 17 0
1850 -1 -8 17 0
339 -4 -9 7 0
339 -4 -8 7 0
339 -4 -7 7 0
1848 -3 -8 7 0
1848 -3 -9 7 0
1848 -3 -9 12 0
1848 -3 -9 17 0
1848 -3 -9 22 0
1848 -3 -8 12 0
1848 -2 -8 12 0
1848 -3 -8 17 0
1848 -3 -8 22 0
1848 -2 -8 17 0
1850 -2 -9 22 0
1850 -2 -8 22 0
1711 -7 -6 27 0
4495 -8 -9 7 0
4495 -7 -9 7 0
4495 -6 -9 7 0
1711 -4 -6 7 0
2123 4 -10 0 0
2123 5 -10 0 0
2123 6 -10 0 0
2123 7 -10 0 0
2123 8 -10 0 0
2123 9 -10 0 0
2123 10 -10 0 0
2123 11 -10 0 0
2123 12 -10 0 0
2121 13 -9 0 0
2121 13 -8 0 0
2121 13 -7 0 0
2121 13 -6 0 0
2123 13 -10 0 0
3215 4 -9 0 0
3215 4 -8 0 0
3215 4 -7 0 0
3215 4 -6 0 0
3206 4 -9 7 0
3206 4 -8 7 0
3206 4 -7 7 0
3206 4 -6 7 0
3381 7 -6 1 0
3382 7 -6 2 0
4553 -6 -9 27 0
3747 -3 -7 7 0
6246 -9 6 8 0
338 -9 -3 27 0
338 -10 -3 27 0
338 -11 -3 27 0
338 -12 -3 27 0
338 -10 10 7 0
1277 -9 10 7 0
1277 -9 9 7 0
1277 -9 8 7 0
1277 -9 7 7 0
1277 -9 6 7 0
1277 -9 5 7 0
1277 -9 4 7 0
1277 -9 3 7 0
1277 -9 2 7 0
1277 -9 1 7 0
1277 -9 0 7 0
1277 -9 -1 7 0
1277 -9 -2 7 0
1277 -9 -3 7 0
1277 -9 -4 7 0
1277 -9 -5 7 0
1277 -10 10 7 0
1277 -10 9 7 0
1277 -10 8 7 0
1277 -10 7 7 0
1277 -10 6 7 0
1277 -10 5 7 0
1277 -10 4 7 0
1277 -10 3 7 0
1277 -10 2 7 0
1277 -10 1 7 0
1277 -10 0 7 0
1277 -10 -1 7 0
1277 -10 -2 7 0
1277 -10 -3 7 0
1277 -10 -4 7 0
1277 -10 -5 7 0
1277 -11 10 7 0
1277 -11 9 7 0
1277 -11 8 7 0
1277 -11 7 7 0
1277 -11 6 7 0
1277 -11 5 7 0
1277 -11 4 7 0
1277 -11 3 7 0
1277 -11 2 7 0
1277 -11 1 7 0
1277 -11 0 7 0
1277 -11 -1 7 0
1277 -11 -2 7 0
1277 -11 -3 7 0
1277 -11 -4 7 0
1277 -11 -5 7 0
1277 -12 10 7 0
1277 -12 9 7 0
1277 -12 8 7 0
1277 -12 7 7 0
1277 -12 6 7 0
1277 -12 5 7 0
1277 -12 4 7 0
1277 -12 3 7 0
1277 -12 2 7 0
1277 -12 1 7 0
1277 -12 0 7 0
1277 -12 -1 7 0
1277 -12 -2 7 0
1277 -12 -3 7 0
1277 -12 -4 7 0
1277 -12 -5 7 0
99 -11 10 0 0
99 -10 10 0 0
99 -9 10 0 0
338 -12 10 7 0
339 -13 10 7 0
339 -13 9 7 0
339 -13 7 7 0
339 -13 6 7 0
339 -13 4 7 0
339 -13 3 7 0
339 -13 1 7 0
339 -13 0 7 0
339 -13 -2 7 0
339 -13 -3 7 0
339 -13 -5 7 0
99 -12 10 0 0
100 -13 10 0 0
100 -13 9 0 0
100 -13 8 0 0
100 -13 7 0 0
100 -13 6 0 0
100 -13 5 0 0
100 -13 4 0 0
100 -13 3 0 0
100 -13 2 0 0
100 -13 1 0 0
100 -13 0 0 0
100 -13 -1 0 0
100 -13 -2 0 0
100 -13 -3 0 0
100 -13 -4 0 0
100 -13 -5 0 0
1277 -12 -5 27 0
1277 -12 -4 27 0
1277 -12 -3 27 0
1277 -12 -2 27 0
1277 -12 -1 27 0
1277 -12 0 27 0
1277 -12 1 27 0
1277 -12 2 27 0
1277 -12 3 27 0
1277 -12 4 27 0
1277 -12 5 27 0
1277 -12 6 27 0
1277 -12 7 27 0
1277 -12 8 27 0
1277 -12 9 27 0
1277 -12 10 27 0
1277 -11 -5 27 0
1277 -11 -4 27 0
1277 -11 -3 27 0
1277 -11 -2 27 0
1277 -11 -1 27 0
1277 -11 0 27 0
1277 -11 1 27 0
1277 -11 2 27 0
1277 -11 4 27 0
1277 -11 5 27 0
1277 -11 6 27 0
1277 -11 7 27 0
1277 -11 8 27 0
1277 -11 9 27 0
1277 -11 10 27 0
1277 -10 -5 27 0
1277 -10 -4 27 0
1277 -10 -3 27 0
1277 -10 -2 27 0
1277 -10 -1 27 0
1277 -10 0 27 0
1277 -10 1 27 0
1277 -10 2 27 0
1277 -10 3 27 0
1277 -10 4 27 0
1277 -10 5 27 0
1277 -10 6 27 0
1277 -10 7 27 0
1277 -10 8 27 0
1277 -10 9 27 0
1277 -10 10 27 0
1277 -9 -5 27 0
1277 -9 -4 27 0
1277 -9 -3 27 0
1277 -9 -2 27 0
1277 -9 -1 27 0
1277 -9 0 27 0
1277 -9 1 27 0
1277 -9 2 27 0
1277 -9 3 27 0
1277 -9 4 27 0
1277 -9 5 27 0
1277 -9 6 27 0
1277 -9 7 27 0
1277 -9 8 27 0
1277 -9 9 27 0
1277 -9 10 27 0
339 -13 -5 27 0
339 -13 -3 27 0
339 -13 -2 27 0
339 -13 0 27 0
339 -13 1 27 0
339 -13 3 27 0
339 -13 4 27 0
339 -13 6 27 0
339 -13 7 27 0
339 -13 9 27 0
339 -13 10 27 0
338 -12 10 27 0
338 -11 10 27 0
338 -9 10 27 0
341 -13 8 27 0
341 -13 -4 27 0
341 -13 -1 27 0
341 -13 2 27 0
341 -13 5 27 0
340 -10 10 27 0
341 -13 8 7 0
341 -13 5 7 0
341 -13 2 7 0
341 -13 -4 7 0
341 -13 -1 7 0
340 -9 10 7 0
1595 -12 -5 47 0
1595 -12 -4 47 0
1595 -12 -3 47 0
1595 -12 -2 47 0
1595 -12 -1 47 0
1595 -12 0 47 0
1595 -12 1 47 0
1595 -12 2 47 0
1595 -12 3 47 0
1595 -12 4 47 0
1595 -12 5 47 0
1595 -12 6 47 0
1595 -12 7 47 0
1595 -12 8 47 0
1595 -12 9 47 0
1595 -12 10 47 0
1595 -11 -5 47 0
1595 -11 -4 47 0
1595 -11 -3 47 0
1595 -11 -2 47 0
1595 -11 -1 47 0
1595 -11 0 47 0
1595 -11 1 47 0
1595 -11 2 47 0
1595 -11 3 47 0
1595 -11 4 47 0
1595 -11 5 47 0
1595 -11 6 47 0
1595 -11 7 47 0
1595 -11 8 47 0
1595 -11 9 47 0
1595 -11 10 47 0
1595 -10 -5 47 0
1595 -10 -4 47 0
1595 -10 -3 47 0
1595 -10 -2 47 0
1595 -10 -1 47 0
1595 -10 0 47 0
1595 -10 1 47 0
1595 -10 2 47 0
1595 -10 3 47 0
1595 -10 4 47 0
1595 -10 5 47 0
1595 -10 6 47 0
1595 -10 7 47 0
1595 -10 8 47 0
1595 -10 9 47 0
1595 -10 10 47 0
1595 -9 -5 47 0
1595 -9 -4 47 0
1595 -9 -3 47 0
1595 -9 -2 47 0
1595 -9 -1 47 0
1595 -9 0 47 0
1595 -9 1 47 0
1595 -9 2 47 0
1595 -9 3 47 0
1595 -9 4 47 0
1595 -9 5 47 0
1595 -9 6 47 0
1595 -9 7 47 0
1595 -9 8 47 0
1595 -9 9 47 0
1595 -9 10 47 0
322 -12 10 47 0
322 -11 10 47 0
322 -10 10 47 0
322 -9 10 47 0
323 -13 -5 47 0
323 -13 -4 47 0
323 -13 -3 47 0
323 -13 -2 47 0
323 -13 -1 47 0
323 -13 0 47 0
323 -13 1 47 0
323 -13 2 47 0
323 -13 3 47 0
323 -13 4 47 0
323 -13 5 47 0
323 -13 6 47 0
323 -13 7 47 0
323 -13 8 47 0
323 -13 9 47 0
323 -13 10 47 0
338 -12 -3 7 0
338 -11 -3 7 0
338 -10 -3 7 0
338 -9 -3 7 0
4070 -10 6 7 0
4071 -10 5 7 0
4072 -9 5 7 0
4073 -10 7 7 0
4076 -9 7 7 0
4623 -9 0 7 0
4630 -9 1 7 0
4627 -9 2 7 0
4622 -10 0 7 0
4629 -10 1 7 0
4628 -10 2 7 0
4497 -12 -1 7 0
4497 -12 0 7 0
4497 -12 1 7 0
4497 -12 2 7 0
4497 -12 3 7 0
4497 -12 4 7 0
4497 -12 5 7 0
4497 -12 6 7 0
4497 -12 7 7 0
4497 -12 8 7 0
338 -11 10 7 0
2931 -10 4 27 0
2928 -10 6 27 0
2932 -9 6 27 0
2931 -10 5 27 0
2931 -9 5 27 0
2930 -10 3 27 0
1277 -11 3 27 0
7715 -10 5 33 0
7712 -9 6 33 0
4497 -12 -5 7 0
6218 -12 4 16 0
6218 -12 0 12 0
4074 -9 6 7 0
4553 -12 -2 27 0
2602 -9 4 27 0
7717 -10 2 27 0
6225 -12 -1 13 0
6209 -12 0 12 0
6185 -12 2 10 0
6199 -12 2 10 0
6185 -12 1 10 0
6187 -12 1 10 0
3626 -12 2 11 0
6212 -12 4 16 0
3658 -12 4 12 0
6185 -12 6 10 0
6196 -12 6 10 0
6185 -12 5 12 0
6203 -12 5 12 0
4102 -12 5 12 0
6192 -12 7 13 0
6185 -12 7 10 0
6197 -12 7 10 0
6237 -12 8 10 0
2602 -11 3 7 0
