6 version
1 template id
-1 item version
73 num components
3206 -1 3 0 0
3206 -3 1 0 0
3206 -3 -1 0 0
3206 -1 -3 0 0
3215 -2 -3 0 0
3215 -3 -2 0 0
3215 -3 2 0 0
3215 -2 3 0 0
6570 -3 -3 1 0
6570 -3 3 1 0
1802 0 3 0 0
1805 -3 0 0 0
1804 0 -3 0 0
1113 0 1 0 0
1804 0 2 0 0
1113 0 -1 0 0
1802 0 -2 0 0
13456 -1 2 3 0
1804 -1 2 0 0
1114 -1 1 0 0
1114 -1 0 0 0
1114 -1 -1 0 0
1802 -1 -2 0 0
13456 0 2 3 0
1820 -2 2 0 0
1803 -2 1 0 0
1803 -2 0 0 0
1803 -2 -1 0 0
1819 -2 -2 0 0
13456 0 1 3 0
13456 0 0 3 0
13456 0 -1 3 0
13456 0 -2 3 0
13456 -1 1 3 0
13456 -1 0 3 0
13456 -1 -1 3 0
13456 -1 -2 3 0
13456 -2 2 3 0
13456 -2 1 3 0
13456 -2 0 3 0
13456 -2 -1 3 0
13456 -2 -2 3 0
3206 1 3 0 0
3206 1 -3 0 0
3206 3 1 0 0
3206 3 -1 0 0
3215 3 -2 0 0
3215 2 -3 0 0
3215 3 2 1 0
3215 2 3 1 0
6570 3 -3 1 0
6570 3 3 1 0
1803 3 0 0 0
1818 2 2 0 0
1805 2 1 0 0
1805 2 0 0 0
1805 2 -1 0 0
1821 2 -2 0 0
1804 1 2 0 0
1114 1 1 0 0
1114 1 0 0 0
1114 1 -1 0 0
1802 1 -2 0 0
13456 2 2 3 0
13456 1 2 3 0
13456 2 1 3 0
13456 2 0 3 0
13456 2 -1 3 0
13456 2 -2 3 0
13456 1 1 3 0
13456 1 0 3 0
13456 1 -1 3 0
13456 1 -2 3 0
